7 0.209375 0.153125 0.15 0.153125 0.15000000000000002 0.334375 0.209375 0.334375
7 0.221875 0.15312500000000004 0.190625 0.15312500000000004 0.19062500000000002 0.3171875 0.221875 0.3171875
7 0.275 0.19062500000000004 0.228125 0.19062500000000004 0.228125 0.33125 0.275 0.33125
7 0.35468750000000004 0.17812500000000003 0.29375 0.17812500000000003 0.29375000000000007 0.4703125 0.3546875000000001 0.4703125
7 0.3828125 0.17031250000000003 0.334375 0.17031250000000003 0.334375 0.33125000000000004 0.3828125 0.3312500000000001
7 0.5 0.16875000000000004 0.4453125 0.16875000000000004 0.4453125 0.440625 0.5 0.440625
7 0.5609375 0.19218750000000007 0.5171875 0.19218750000000004 0.5171875 0.4265625 0.5609375 0.4265625
7 0.575 0.1984375000000001 0.546875 0.1984375000000001 0.546875 0.3203125000000001 0.575 0.3203125000000001
7 0.59375 0.2140625000000001 0.565625 0.2140625000000001 0.565625 0.3125000000000001 0.59375 0.3125000000000001
7 0.63125 0.1750000000000001 0.5875 0.1750000000000001 0.5875 0.471875 0.63125 0.471875
7 0.709375 0.1468750000000001 0.625 0.1468750000000001 0.625 0.5234375 0.709375 0.5234375
7 0.78125 0.14218750000000008 0.728125 0.14218750000000008 0.728125 0.3468750000000001 0.78125 0.3468750000000001
7 0.825 0.1453125000000001 0.7625 0.1453125000000001 0.7625 0.3500000000000001 0.825 0.3500000000000001
7 0.8796875 0.15625000000000008 0.8453125 0.15625000000000008 0.8453125 0.3109375000000001 0.8796875 0.3109375000000001
7 0.9078125 0.17031250000000012 0.8609375 0.1703125000000001 0.8609375 0.40156250000000016 0.9078125 0.40156250000000016
7 0.9640625 0.17031250000000014 0.9078125 0.17031250000000014 0.9078125 0.5187500000000002 0.9640625 0.5187500000000002
10 0.890625 0.3593750000000001 0.81875 0.3593750000000001 0.81875 0.5562500000000001 0.890625 0.5562500000000001
10 0.7796875 0.3656250000000001 0.7109375 0.3656250000000001 0.7109375 0.5546875000000001 0.7796875 0.5546875000000002
10 0.2890625000000001 0.3671875 0.2328125000000001 0.3671875 0.2328125000000001 0.5015625 0.2890625000000001 0.5015625
10 0.259375 0.340625 0.2140625 0.340625 0.21406250000000004 0.4359375 0.2593750000000001 0.4359375
10 0.11406250000000007 0.4015625 4.91772230282609e-17 0.4015625 6.295449951866863e-17 0.6265625 0.1140625000000001 0.6265625
8 0.96875 0.5250000000000001 0.06562500000000007 0.525 0.06562500000000009 0.9609375 0.96875 0.9609375
8 0.28437500000000004 0.34375 0.017187500000000043 0.34375 0.017187500000000057 0.565625 0.2843750000000001 0.565625
8 0.9171875 0.3453125000000001 0.6640625 0.3453125000000001 0.6640625 0.4750000000000001 0.9171875 0.4750000000000002
2 0.07812500000000004 0.31875 0.05468750000000004 0.31875 0.05468750000000004 0.38125 0.07812500000000004 0.38125
2 0.715625 0.4578125 0.659375 0.4578125 0.659375 0.71875 0.715625 0.71875