8 0.9921875 0.6421875000000001 0.6578125 0.6421875 0.6578125000000001 0.8515625 0.9921875 0.8515625
5 0.9390625 0.5734375000000002 0.903125 0.5734375000000002 0.903125 0.6812500000000001 0.9390625 0.6812500000000001
5 0.8609375 0.5734375000000002 0.815625 0.5734375000000002 0.815625 0.6750000000000002 0.8609375 0.6750000000000002
5 0.778125 0.6234375000000002 0.7484375 0.6234375000000002 0.7484375 0.6796875000000002 0.778125 0.6796875000000002
5 0.425 0.5984375 0.38750000000000007 0.5984375 0.38750000000000007 0.6515625 0.425 0.6515625
5 0.975 0.5375000000000002 0.9375 0.5375000000000002 0.9375 0.5968750000000002 0.975 0.5968750000000002
10 0.7468750000000001 0.6515625 0.440625 0.6515625 0.4406250000000001 1 0.7468750000000002 1
10 0.6046875 0.5640625 0.521875 0.5640625 0.521875 0.7078125 0.6046875 0.7078125
10 0.4 0.5796875 0.3265625000000001 0.5796875 0.3265625000000001 0.7234375 0.4 0.7234375
8 0.6078125000000001 0.5984375 0.3765625000000001 0.5984375 0.3765625000000001 0.84375 0.6078125000000002 0.84375
7 0.5046875 0.484375 0.4671875 0.484375 0.4671875 0.5984375 0.5046875 0.5984375
7 0.465625 0.475 0.409375 0.475 0.409375 0.5859375 0.465625 0.5859375
7 0.5984375 0.4984375 0.571875 0.4984375 0.571875 0.5640625 0.5984375 0.5640625
7 0.765625 0.48125000000000007 0.70625 0.48125 0.70625 0.5859375000000001 0.765625 0.5859375000000002
7 0.7984375 0.46875000000000017 0.759375 0.46875000000000017 0.759375 0.6171875000000002 0.7984375 0.6171875000000002