5 0.9 0.6781250000000002 0.8109375 0.6781250000000002 0.8109375 0.9171875 0.9 0.9171875
5 0.815625 0.7046875000000001 0.7640625 0.7046875000000001 0.7640625000000001 0.88125 0.815625 0.88125
5 0.9625 0.7406250000000002 0.8609375 0.7406250000000002 0.8609375 1 0.9625 1
10 1 0.5421875000000002 0.871875 0.5421875000000002 0.871875 0.7406250000000002 1 0.7406250000000002
7 0.8015625 0.2656250000000001 0.6125 0.2656250000000001 0.6125 0.7281250000000001 0.8015625 0.7281250000000001
7 0.14843750000000006 0.2203125 0.04843750000000002 0.2203125 0.04843750000000004 0.5234375 0.14843750000000006 0.5234375
7 0.33593750000000006 0.24375 0.2640625 0.24375 0.26406250000000003 0.5484375 0.3359375000000001 0.5484375
7 0.49687500000000007 0.28593750000000007 0.221875 0.2859375 0.22187500000000004 0.878125 0.4968750000000002 0.878125
7 0.5984375 0.3140625000000001 0.521875 0.3140625000000001 0.521875 0.5625 0.5984375 0.5625
10 0.3578125000000001 0.6125 7.500961644777538e-17 0.6125 9.873714818125535e-17 1 0.3578125000000001 1
8 1 0.7078125000000001 0.509375 0.7078125 0.5093750000000001 1 1 1