5 0.5375000000000001 0.590625 0.4484375 0.590625 0.4484375000000001 0.8234375 0.5375000000000002 0.8234375
5 0.48125000000000007 0.5984375 0.3843750000000001 0.5984375 0.3843750000000001 0.83125 0.4812500000000002 0.83125
5 0.3828125000000001 0.571875 0.2953125000000001 0.571875 0.2953125000000001 0.79375 0.3828125000000001 0.79375
5 0.44375 0.421875 0.3859375000000001 0.421875 0.3859375000000001 0.634375 0.44375 0.634375
5 0.39531250000000007 0.4421875 0.3218750000000001 0.4421875 0.3218750000000001 0.603125 0.39531250000000007 0.603125
5 0.59375 0.3968750000000001 0.5015625 0.3968750000000001 0.5015625 0.653125 0.59375 0.653125
5 0.7796875 0.3781250000000001 0.703125 0.3781250000000001 0.703125 0.5640625000000001 0.7796875 0.5640625000000001
7 0.23593750000000005 0.29375 3.59739997249535e-17 0.29375 6.486801014233637e-17 0.765625 0.23593750000000008 0.765625
7 0.5296875 0.16718750000000004 0.2109375 0.16718750000000004 0.21093750000000006 0.59375 0.5296875 0.59375
7 0.33281250000000007 0.7390625 0.05156250000000009 0.7390625 0.05156250000000011 1 0.33281250000000007 1
7 0.9984375 0.3390625000000001 0.7484375 0.3390625000000001 0.7484375000000001 1 0.9984375 1
8 0.6843750000000001 0.5109375 0.11093750000000005 0.5109375 0.11093750000000009 0.9828125 0.6843750000000002 0.9828125