10 0.5062500000000001 0.659375 0.4109375 0.659375 0.41093750000000007 0.809375 0.5062500000000002 0.809375
10 0.3546875000000001 0.659375 0.2812500000000001 0.659375 0.2812500000000001 0.8078125 0.3546875000000001 0.8078125
10 0.2750000000000001 0.6625 0.2171875000000001 0.6625 0.2171875000000001 0.7984375 0.2750000000000001 0.7984375
10 0.07343750000000007 0.628125 7.692312707144312e-17 0.628125 8.677770678333198e-17 0.7890625 0.07343750000000009 0.7890625
10 0.5984375000000001 0.665625 0.5203125 0.665625 0.5203125000000001 0.825 0.5984375000000002 0.825
10 0.7140625 0.671875 0.609375 0.671875 0.6093750000000001 0.834375 0.7140625000000002 0.834375
10 0.865625 0.6656250000000001 0.7875 0.6656250000000001 0.7875000000000001 0.7906250000000001 0.865625 0.7906250000000001
10 0.784375 0.6500000000000001 0.734375 0.6500000000000001 0.7343750000000001 0.7812500000000002 0.7843750000000002 0.7812500000000002
10 0.984375 0.6656250000000001 0.8875 0.6656250000000001 0.8875 0.8015625 0.984375 0.8015625
7 0.575 0.5375 0.5125 0.5375 0.5125 0.653125 0.575 0.653125
7 0.3265625000000001 0.5515625 0.2718750000000001 0.5515625 0.2718750000000001 0.7375 0.3265625000000001 0.7375
7 0.2671875000000001 0.58125 0.2250000000000001 0.58125 0.2250000000000001 0.709375 0.2671875000000001 0.709375
7 0.2328125000000001 0.5671875 0.2015625000000001 0.5671875 0.2015625000000001 0.6921875 0.2328125000000001 0.6921875
7 0.17500000000000007 0.50625 0.10937500000000004 0.50625 0.10937500000000007 0.8234375 0.1750000000000001 0.8234375
7 0.425 0.5453125 0.36406250000000007 0.5453125 0.36406250000000007 0.7234375 0.425 0.7234375