5 0.4093750000000001 0.6390625 0.33281250000000007 0.6390625 0.33281250000000007 0.8140625 0.40937500000000016 0.8140625
5 0.5312500000000001 0.5421875 0.446875 0.5421875 0.4468750000000001 0.8609375 0.5312500000000002 0.8609375
5 0.6312500000000001 0.5875 0.5328125 0.5875 0.5328125000000001 0.91875 0.6312500000000002 0.91875
5 0.853125 0.7328125000000002 0.7640625000000002 0.7328125000000002 0.7640625000000002 0.934375 0.853125 0.934375
5 0.946875 0.6171875000000002 0.85625 0.6171875000000002 0.85625 0.9578125 0.946875 0.9578125
5 0.3750000000000001 0.4515625 0.3156250000000001 0.4515625 0.3156250000000001 0.61875 0.3750000000000001 0.61875
5 0.6734375 0.5484375 0.634375 0.5484375 0.634375 0.6796875 0.6734375 0.6796875
2 0.7609375 0.41875000000000007 0.665625 0.41875 0.6656250000000001 0.896875 0.7609375000000002 0.896875
7 0.25000000000000006 0.12187500000000002 1.492538286460837e-17 0.121875 6.850368032730508e-17 0.996875 0.2500000000000001 0.996875
7 0.8203125 0.1359375000000001 0.675 0.1359375000000001 0.675 0.5671875000000001 0.8203125 0.5671875000000002
7 1 0.1250000000000001 0.8015625 0.12500000000000008 0.8015625 0.7000000000000002 1 0.7000000000000002