7 0.29375000000000007 0.18593750000000003 0.035937500000000025 0.1859375 0.03593750000000007 0.946875 0.29375000000000007 0.946875
7 1 0.2828125000000001 0.790625 0.2828125000000001 0.7906250000000001 1 1 1
5 0.7734375000000001 0.6328125000000001 0.6828125 0.6328125 0.6828125 0.83125 0.7734375000000002 0.83125
5 0.440625 0.5734375 0.34843750000000007 0.5734375 0.34843750000000007 0.6984375 0.440625 0.6984375
5 0.7140625 0.5921875 0.6390625 0.5921875 0.6390625000000001 0.7390625 0.7140625000000002 0.7390625
2 0.6109375 0.3500000000000001 0.521875 0.3500000000000001 0.521875 0.6515625 0.6109375 0.6515625
2 0.8328125 0.1359375000000001 0.8 0.1359375000000001 0.8 0.3046875000000001 0.8328125 0.3046875000000001
2 0.478125 0.02031250000000006 0.4328125 0.020312500000000056 0.4328125 0.09062500000000005 0.478125 0.09062500000000007
2 0.434375 0.010937500000000051 0.4 0.01093750000000005 0.4 0.10937500000000004 0.434375 0.10937500000000004
2 0.396875 0.017187500000000046 0.365625 0.017187500000000043 0.365625 0.11718750000000004 0.396875 0.11718750000000004
2 0.371875 0.009375000000000043 0.3359375 0.009375000000000041 0.3359375 0.12656250000000005 0.371875 0.12656250000000005
2 0.3359375 0.01718750000000004 0.3 0.01718750000000004 0.3 0.11875000000000005 0.3359375 0.11875000000000005
2 0.615625 7.309610582410764e-17 0.578125 7.079989307570636e-17 0.578125 0.09687500000000007 0.615625 0.09687500000000007
2 0.6453125 7.721015366499328e-17 0.615625 7.539231857250894e-17 0.615625 0.09218750000000007 0.6453125 0.09218750000000009
2 0.6765625 0.00781250000000008 0.640625 0.007812500000000078 0.640625 0.0906250000000001 0.6765625 0.0906250000000001
2 0.7203125 8.601230253386488e-17 0.684375 8.381176531664698e-17 0.684375 0.08593750000000008 0.7203125 0.08593750000000008
2 0.7546875 9.031770143711731e-17 0.7203125 8.82128397510828e-17 0.7203125 0.0750000000000001 0.7546875 0.0750000000000001
2 0.6484375 0.1453125000000001 0.615625 0.1453125000000001 0.615625 0.30937500000000007 0.6484375 0.30937500000000007
2 0.7015625 0.1390625000000001 0.6625 0.1390625000000001 0.6625 0.2984375000000001 0.7015625 0.2984375000000001
2 0.728125 0.14218750000000008 0.6890625 0.14218750000000008 0.6890625 0.29375000000000007 0.728125 0.29375000000000007
2 0.7671875 0.1531250000000001 0.7328125 0.1531250000000001 0.7328125 0.2921875000000001 0.7671875 0.2921875000000001
2 0.4828125 0.17343750000000005 0.4328125 0.17343750000000005 0.4328125 0.2906250000000001 0.4828125 0.2906250000000001
2 0.4421875 0.15781250000000005 0.403125 0.15781250000000005 0.403125 0.3031250000000001 0.4421875 0.3031250000000001
2 0.396875 0.16093750000000004 0.359375 0.16093750000000004 0.359375 0.321875 0.396875 0.3218750000000001
2 0.359375 0.17656250000000004 0.30625 0.17656250000000004 0.30625 0.3109375 0.359375 0.3109375