9 0.6015625 0.4328125 0.4375 0.4328125 0.4375 0.6796875 0.6015625 0.6796875
9 0.4765625 0.3937500000000001 0.40625 0.3937500000000001 0.40625 0.5265625 0.4765625 0.5265625
9 0.7203125 0.28593750000000007 0.671875 0.28593750000000007 0.671875 0.3546875000000001 0.7203125 0.3546875000000001
9 0.7171875 0.2234375000000001 0.68125 0.2234375000000001 0.68125 0.2718750000000001 0.7171875 0.2718750000000001
7 0.55625 0.4046875 0.5109375 0.4046875 0.5109375 0.45625 0.55625 0.45625
7 0.2515625000000001 0.45625 0.20312500000000008 0.45625 0.20312500000000008 0.571875 0.2515625000000001 0.571875
7 0.2843750000000001 0.4203125 0.2406250000000001 0.4203125 0.2406250000000001 0.565625 0.2843750000000001 0.565625
7 0.64375 0.4109375 0.5953125 0.4109375 0.5953125 0.5765625 0.64375 0.5765625
7 0.5546875 0.3968750000000001 0.50625 0.3968750000000001 0.50625 0.4515625 0.5546875 0.4515625
7 0.70625 0.3828125000000001 0.6390625 0.3828125000000001 0.6390625 0.6109375 0.70625 0.6109375
7 0.740625 0.3765625000000001 0.7078125 0.3765625000000001 0.7078125 0.5859375000000001 0.740625 0.5859375000000002