8 0.946875 0.7562500000000001 0.3625000000000001 0.75625 0.3625000000000001 1 0.946875 1
7 1 0.3984375000000001 0.759375 0.3984375000000001 0.7593750000000001 0.865625 1 0.865625
7 0.709375 0.2687500000000001 0.6453125 0.2687500000000001 0.6453125 0.4390625 0.709375 0.4390625
7 0.6453125 0.2843750000000001 0.5890625 0.2843750000000001 0.5890625 0.4671875 0.6453125 0.4671875
7 0.58125 0.45 0.5015625 0.45 0.5015625 0.5703125 0.58125 0.5703125
7 0.39843750000000006 0.24375000000000005 0.3328125 0.24375 0.33281250000000007 0.50625 0.3984375000000001 0.50625
11 0.503125 0.38750000000000007 0.3203125000000001 0.3875 0.3203125000000001 0.5828125 0.503125 0.5828125
2 0.2359375 0.1765625 0.1796875 0.1765625 0.17968750000000003 0.2984375 0.2359375 0.2984375
2 0.19062500000000002 0.17812500000000003 0.15 0.178125 0.15000000000000002 0.284375 0.19062500000000004 0.284375
2 0.15781250000000002 0.1671875 0.1109375 0.1671875 0.11093750000000002 0.2796875 0.15781250000000005 0.2796875
2 0.24375000000000005 0.278125 0.2046875 0.278125 0.20468750000000005 0.3859375 0.24375000000000008 0.3859375
2 0.20937500000000003 0.2625 0.16718750000000004 0.2625 0.16718750000000004 0.3984375 0.2093750000000001 0.3984375
2 0.16718750000000004 0.2578125 0.12500000000000006 0.2578125 0.12500000000000006 0.39375 0.16718750000000004 0.39375
2 0.13437500000000005 0.26875 0.08906250000000002 0.26875 0.08906250000000003 0.4015625 0.13437500000000005 0.4015625
2 0.22968750000000004 0.3625 0.18906250000000005 0.3625 0.18906250000000008 0.5734375 0.2296875000000001 0.5734375
2 0.20156250000000003 0.3421875 0.15625000000000006 0.3421875 0.15625000000000006 0.5390625 0.2015625000000001 0.5390625
2 0.17187500000000006 0.353125 0.11406250000000004 0.353125 0.11406250000000007 0.5546875 0.17187500000000008 0.5546875
2 0.13125000000000006 0.3546875 0.08281250000000004 0.3546875 0.08281250000000005 0.546875 0.1312500000000001 0.546875
2 0.24218750000000008 0.5421875 0.19062500000000004 0.5421875 0.19062500000000007 0.6984375 0.24218750000000008 0.6984375
2 0.19531250000000006 0.53125 0.15468750000000003 0.53125 0.15468750000000006 0.6703125 0.19531250000000008 0.6703125
2 0.17031250000000006 0.525 0.11562500000000005 0.525 0.11562500000000006 0.70625 0.1703125000000001 0.70625
2 0.11406250000000007 0.5328125 0.04687500000000007 0.5328125 0.04687500000000008 0.7921875 0.1140625000000001 0.7921875
2 0.2312500000000001 0.7234375 0.1281250000000001 0.7234375 0.1281250000000001 0.9328125 0.2312500000000001 0.9328125
10 0.2734375000000001 0.8125 0.10156250000000008 0.8125 0.10156250000000011 1 0.2734375000000001 1
10 0.5781250000000001 0.6765625 0.3859375000000001 0.6765625 0.3859375000000001 0.759375 0.5781250000000002 0.759375
5 0.6765625000000002 0.7640625 0.5843750000000002 0.7640625 0.5843750000000002 0.8671875 0.6765625000000002 0.8671875