7 1 0.05781250000000012 0.86875 0.057812500000000114 0.86875 0.5437500000000002 1 0.5437500000000002
7 0.7671875 0.2015625000000001 0.6203125 0.2015625000000001 0.6203125 0.7250000000000001 0.7671875 0.7250000000000002
7 0.6203125 0.15000000000000008 0.5484375 0.15000000000000008 0.5484375 0.5296875 0.6203125 0.5296875
7 0.5609375 0.12968750000000007 0.5015625 0.12968750000000004 0.5015625 0.3031250000000001 0.5609375 0.3031250000000001
7 0.5828125000000001 0.2453125000000001 0.4359375 0.2453125000000001 0.4359375000000001 0.9921875 0.5828125000000002 0.9921875
7 0.46875 0.07500000000000005 0.3421875 0.07500000000000004 0.34218750000000003 0.559375 0.46875 0.559375
7 0.37968750000000007 0.10312500000000005 0.184375 0.10312500000000005 0.18437500000000004 0.6765625 0.37968750000000007 0.6765625
8 0.3296875000000001 0.728125 8.916959506291665e-17 0.728125 1.0581713748882599e-16 1 0.3296875000000001 1
8 1 0.5406250000000001 0.8375 0.5406250000000001 0.8375 1 1 1
10 0.946875 0.6875000000000001 0.6140625 0.6875 0.6140625000000001 1 0.946875 1
5 1 0.4828125000000002 0.9296875 0.4828125000000002 0.9296875 0.6156250000000002 1 0.6156250000000002
5 0.2218750000000001 0.684375 0.14218750000000008 0.684375 0.14218750000000008 0.890625 0.2218750000000001 0.890625