8 0.2453125000000001 0.575 7.041719095097281e-17 0.575 8.429014297256392e-17 0.8015625 0.2453125000000001 0.8015625
8 0.8390625 0.5578125 0.628125 0.5578125 0.628125 0.8671875 0.8390625 0.8671875
10 0.42656250000000007 0.5796875 0.2250000000000001 0.5796875 0.2250000000000001 1 0.4265625000000002 1
10 0.1875000000000001 0.7890625 9.663228649522084e-17 0.7890625 1.0954848320497809e-16 1 0.18750000000000014 1
10 0.10468750000000007 0.5171875 6.333720164340217e-17 0.5171875 7.022583988860603e-17 0.6296875 0.10468750000000009 0.6296875
10 0.18281250000000007 0.4953125 0.12968750000000004 0.4953125 0.12968750000000007 0.5828125 0.1828125000000001 0.5828125
10 0.6484375000000001 0.515625 0.5390625 0.515625 0.5390625000000001 0.8734375 0.6484375000000002 0.8734375
10 0.9671875 0.6093750000000002 0.81875 0.6093750000000002 0.81875 0.9953125 0.9671875 0.9953125
10 0.5265625 0.5171875 0.4390625 0.5171875 0.4390625000000001 0.8078125 0.5265625000000002 0.8078125
7 0.74375 0.4609375000000001 0.6859375 0.4609375 0.6859375 0.6093750000000001 0.74375 0.6093750000000002
7 0.3265625000000001 0.4234375 0.2718750000000001 0.4234375 0.2718750000000001 0.534375 0.3265625000000001 0.534375
7 0.2531250000000001 0.44375 0.2140625000000001 0.44375 0.2140625000000001 0.5734375 0.2531250000000001 0.5734375
7 0.11406250000000007 0.3515625 4.305398903252414e-17 0.3515625 5.826639849068266e-17 0.6 0.1140625000000001 0.6
7 0.540625 0.43125 0.48125 0.43125 0.48125 0.5421875 0.540625 0.5421875
7 0.48125 0.40625 0.4375 0.40625 0.4375 0.5328125 0.48125 0.5328125
7 0.44375 0.4390625 0.4015625 0.4390625 0.4015625 0.5546875 0.44375 0.5546875
7 0.6515625 0.4296875 0.5734375 0.4296875 0.5734375 0.6 0.6515625 0.6
7 0.66875 0.4375 0.628125 0.4375 0.628125 0.5515625 0.66875 0.5515625
7 0.75 0.3937500000000001 0.6984375 0.3937500000000001 0.6984375 0.49687500000000007 0.75 0.4968750000000002
7 0.825 0.43281250000000016 0.76875 0.43281250000000016 0.76875 0.5734375000000002 0.825 0.5734375000000002
7 0.853125 0.4468750000000002 0.8 0.4468750000000002 0.8 0.6031250000000001 0.853125 0.6031250000000001
7 0.9140625 0.47187500000000016 0.8421875 0.47187500000000016 0.8421875 0.6125000000000002 0.9140625 0.6125000000000002