2 0.4656250000000002 0.7484375 0.3984375000000001 0.7484375 0.3984375000000001 0.9078125 0.4656250000000002 0.9078125
2 0.3781250000000001 0.7546875 0.3265625000000001 0.7546875 0.3265625000000001 0.9140625 0.3781250000000001 0.9140625
2 0.490625 0.596875 0.45 0.596875 0.45 0.7078125 0.490625 0.7078125
2 0.5515625000000001 0.6125 0.5078125 0.6125 0.5078125000000001 0.7421875 0.5515625000000002 0.7421875
2 0.5906250000000001 0.6484375 0.553125 0.6484375 0.5531250000000001 0.75 0.5906250000000002 0.75
2 0.6781250000000001 0.715625 0.64375 0.715625 0.64375 0.840625 0.6781250000000002 0.840625
2 0.7078125000000001 0.70625 0.671875 0.70625 0.6718750000000001 0.8 0.7078125000000002 0.8
2 0.7468750000000001 0.6984375 0.715625 0.6984375 0.7156250000000001 0.8171875 0.7468750000000002 0.8171875
2 0.784375 0.7046875000000001 0.7515625 0.7046875000000001 0.7515625000000001 0.8546875 0.7843750000000002 0.8546875
2 0.8046875 0.8125 0.7718750000000002 0.8125 0.7718750000000002 0.9140625 0.8046875 0.9140625
2 0.8515625 0.8234375 0.8078125 0.8234375 0.8078125 0.9265625 0.8515625 0.9265625
2 0.85 0.7328125000000002 0.815625 0.7328125000000002 0.815625 0.8328125 0.85 0.8328125
2 0.8890625 0.7984375000000001 0.8421875 0.7984375000000001 0.8421875 0.8953125 0.8890625 0.8953125
2 0.9640625 0.7906250000000001 0.896875 0.7906250000000001 0.896875 0.915625 0.9640625 0.915625
2 0.64375 0.653125 0.5921875 0.653125 0.5921875 0.7203125 0.64375 0.7203125