7 0.465625 0.471875 0.4046875 0.471875 0.4046875 0.5828125 0.465625 0.5828125
7 0.5375 0.4625 0.471875 0.4625 0.471875 0.609375 0.5375 0.609375
8 0.8890625 0.5015625000000001 0.19843750000000004 0.5015625 0.19843750000000007 0.7796875000000001 0.8890625 0.7796875000000002
10 0.3578125000000001 0.8453125 0.16562500000000008 0.8453125 0.1656250000000001 1 0.3578125000000001 1
10 0.6875000000000002 0.85 0.48437500000000017 0.85 0.48437500000000017 1 0.6875000000000002 1
10 0.6218750000000001 0.7140625 0.471875 0.7140625 0.4718750000000001 0.8921875 0.6218750000000002 0.8921875
10 1 0.815625 0.8625 0.815625 0.8625 0.9171875 1 0.9171875
10 1 0.8703125 0.81875 0.8703125 0.81875 1 1 1
10 1 0.5437500000000002 0.83125 0.5437500000000002 0.83125 0.8140625 1 0.8140625
10 0.8640625 0.6453125000000001 0.7234375 0.6453125 0.7234375000000001 0.7828125000000001 0.8640625 0.7828125000000001
10 0.7375 0.6234375000000001 0.5828125 0.6234375 0.5828125000000001 0.7890625000000001 0.7375000000000002 0.7890625000000002
10 0.5218750000000001 0.625 0.4234375 0.625 0.4234375000000001 0.7765625 0.5218750000000002 0.7765625
10 0.3609375000000001 0.6640625 0.21093750000000008 0.6640625 0.21093750000000008 0.8671875 0.3609375000000001 0.8671875
10 0.4750000000000001 0.7 0.3687500000000001 0.7 0.3687500000000001 0.984375 0.4750000000000002 0.984375
10 0.1796875000000001 0.75 0.07343750000000009 0.75 0.0734375000000001 0.9265625 0.17968750000000014 0.9265625
8 0.1109375000000001 0.6078125 7.443556326067507e-17 0.6078125 9.280526524788537e-17 0.9078125 0.11093750000000013 0.9078125
5 0.3671875000000001 0.490625 0.3062500000000001 0.490625 0.3062500000000001 0.6328125 0.3671875000000001 0.6328125
5 0.440625 0.525 0.3906250000000001 0.525 0.3906250000000001 0.6453125 0.440625 0.6453125
5 0.634375 0.5078125 0.5671875 0.5078125 0.5671875 0.640625 0.634375 0.640625
5 0.703125 0.49375 0.6609375 0.49375 0.6609375 0.621875 0.703125 0.621875
5 0.7859375 0.5250000000000001 0.725 0.525 0.725 0.64375 0.7859375 0.6437500000000002
5 0.85625 0.5156250000000002 0.8125 0.5156250000000002 0.8125 0.6531250000000002 0.85625 0.6531250000000002