7 0.5046875000000001 0.6984375 0.4625 0.6984375 0.4625000000000001 0.8515625 0.5046875000000002 0.8515625
7 0.7296875 0.6812500000000001 0.6703125 0.68125 0.6703125000000001 0.8375 0.7296875000000002 0.8375
7 1 0.6875000000000002 0.9484375 0.6875000000000002 0.9484375 0.93125 1 0.93125
7 0.4250000000000001 0.68125 0.3921875000000001 0.68125 0.3921875000000001 0.8203125 0.42500000000000016 0.8203125
7 0.38750000000000007 0.7015625 0.3578125000000001 0.7015625 0.3578125000000001 0.815625 0.38750000000000007 0.815625
7 0.3421875000000001 0.696875 0.2984375000000001 0.696875 0.2984375000000001 0.80625 0.3421875000000001 0.80625
7 0.6203125 0.690625 0.5578125 0.690625 0.5578125 0.80625 0.6203125000000002 0.80625
9 0.909375 0.7093750000000002 0.8375 0.7093750000000002 0.8375 0.7890625000000002 0.909375 0.7890625000000002
9 0.6968750000000001 0.703125 0.621875 0.703125 0.6218750000000001 0.78125 0.6968750000000001 0.78125
9 0.8015625 0.6703125000000002 0.7359375 0.6703125000000002 0.7359375000000001 0.7625000000000002 0.8015625 0.7625000000000002
3 0.3390625000000001 0.484375 5.931882933369991e-17 0.484375 8.687338231451536e-17 0.934375 0.3390625000000001 0.934375