8 0.7234375000000001 0.5515625 0.1468750000000001 0.5515625 0.14687500000000012 1 0.7234375000000002 1
7 0.9421875 0.5593750000000002 0.7828125 0.5593750000000002 0.7828125000000001 1 0.9421875 1
7 0.8421875 0.4484375000000001 0.71875 0.4484375 0.7187500000000001 0.815625 0.8421875 0.815625
7 0.5109375 0.4265625 0.4296875 0.4265625 0.4296875 0.6265625 0.5109375 0.6265625
7 0.3375 0.315625 0.246875 0.315625 0.24687500000000004 0.475 0.3375000000000001 0.475
7 0.3437500000000001 0.475 0.2468750000000001 0.475 0.2468750000000001 0.7515625 0.3437500000000001 0.7515625
7 0.2468750000000001 0.440625 0.15000000000000005 0.440625 0.15000000000000008 0.80625 0.2468750000000001 0.80625
7 0.12343750000000009 0.515625 6.31458505810354e-17 0.515625 8.830851528226616e-17 0.9265625 0.12343750000000013 0.9265625
5 0.5734375 0.690625 0.5375 0.690625 0.5375000000000001 0.8078125 0.5734375000000002 0.8078125
5 0.6484375 0.646875 0.6 0.646875 0.6 0.725 0.6484375 0.725
5 0.43437500000000007 0.6578125 0.3843750000000001 0.6578125 0.3843750000000001 0.728125 0.4343750000000002 0.728125
2 0.4390625000000002 0.7484375 0.3703125000000001 0.7484375 0.3703125000000001 0.9578125 0.4390625000000002 0.9578125
2 0.5765625 0.56875 0.5328125 0.56875 0.5328125 0.6859375 0.5765625 0.6859375