7 0.95 0.5171875000000001 0.8953125 0.5171875000000001 0.8953125 0.7000000000000002 0.95 0.7000000000000002
7 0.21250000000000008 0.4609375 0.15156250000000004 0.4609375 0.15156250000000007 0.70625 0.21250000000000008 0.70625
7 0.17968750000000006 0.459375 0.12968750000000004 0.459375 0.12968750000000007 0.6640625 0.17968750000000008 0.6640625
7 0.15781250000000008 0.440625 0.09531250000000005 0.440625 0.09531250000000006 0.671875 0.15781250000000008 0.671875
7 0.12031250000000007 0.440625 0.06718750000000004 0.440625 0.06718750000000007 0.68125 0.12031250000000009 0.68125
7 0.09062500000000007 0.4390625 0.039062500000000056 0.4390625 0.03906250000000007 0.6796875 0.0906250000000001 0.6796875
7 0.05937500000000007 0.4359375 0.004687500000000053 0.4359375 0.004687500000000068 0.68125 0.05937500000000009 0.68125
9 0.2906250000000001 0.5421875 0.24218750000000008 0.5421875 0.24218750000000008 0.6875 0.2906250000000001 0.6875
9 0.3468750000000001 0.5359375 0.2953125000000001 0.5359375 0.2953125000000001 0.68125 0.3468750000000001 0.68125
9 0.91875 0.5375000000000002 0.7625 0.5375000000000002 0.7625000000000001 0.7500000000000002 0.91875 0.7500000000000002
3 0.7328125000000001 0.12656250000000008 0.334375 0.12656250000000005 0.33437500000000003 0.8234375 0.7328125000000002 0.8234375