8 0.91875 0.7812500000000001 9.567553118338697e-17 0.78125 1.0907010554906115e-16 1 0.91875 1
7 0.7390625000000001 0.37187500000000007 0.5953125 0.37187500000000007 0.5953125000000001 0.7656250000000001 0.7390625000000002 0.7656250000000002
7 0.5515625 0.35625000000000007 0.421875 0.35625000000000007 0.421875 0.6640625 0.5515625 0.6640625
7 0.23281250000000003 0.3296875 0.13906250000000003 0.3296875 0.13906250000000006 0.715625 0.2328125000000001 0.715625
7 0.14843750000000006 0.2875 0.04218750000000003 0.2875 0.04218750000000007 0.875 0.14843750000000008 0.875
5 0.3671875000000001 0.6703125 0.2875000000000001 0.6703125 0.2875000000000001 0.8 0.3671875000000001 0.8
5 0.5890625000000002 0.8 0.4984375000000002 0.8 0.4984375000000002 1 0.5890625000000002 1
5 1 0.8421875 0.8546875 0.8421875 0.8546875 1 1 1
5 0.4593750000000001 0.615625 0.3843750000000001 0.615625 0.3843750000000001 0.803125 0.4593750000000002 0.803125
5 0.5484375000000001 0.675 0.4859375 0.675 0.4859375000000001 0.7984375 0.5484375000000001 0.7984375
5 0.3921875000000001 0.565625 0.3390625000000001 0.565625 0.3390625000000001 0.7390625 0.3921875000000001 0.7390625
5 0.3468750000000001 0.5921875 0.2906250000000001 0.5921875 0.2906250000000001 0.6875 0.3468750000000001 0.6875
5 0.37968750000000007 0.665625 0.2531250000000001 0.665625 0.2531250000000001 0.79375 0.37968750000000007 0.79375