8 0.6609375 0.521875 0.5296875 0.521875 0.5296875 0.6 0.6609375 0.6
8 0.4328125 0.465625 0.3203125000000001 0.465625 0.3203125000000001 0.596875 0.4328125 0.596875
8 0.8421875 0.5937500000000001 0.48125 0.59375 0.48125000000000007 0.890625 0.8421875 0.890625
8 1 0.7375 0.5140625000000002 0.7375 0.5140625000000002 1 1 1
8 0.4390625 0.45 0.29375000000000007 0.45 0.29375000000000007 0.6078125 0.4390625 0.6078125
8 0.3546875000000001 0.5421875 0.0015625000000000667 0.5421875 0.0015625000000000944 1 0.3546875000000001 1
8 0.7515625 0.4750000000000001 0.546875 0.475 0.546875 0.6000000000000001 0.7515625 0.6000000000000002
8 0.978125 0.4812500000000002 0.7796875 0.4812500000000002 0.7796875 0.5781250000000002 0.978125 0.5781250000000002
8 1 0.5203125000000002 0.771875 0.5203125000000002 0.771875 0.6687500000000002 1 0.6687500000000002
8 0.896875 0.5656250000000002 0.7734375 0.5656250000000002 0.7734375 0.7203125000000001 0.896875 0.7203125000000001
8 0.965625 0.7546875000000002 0.965625 0.7546875000000002 0.965625 0.7765625000000002 0.965625 0.7765625000000002
8 0.2828125000000001 0.4390625 0.17812500000000003 0.4390625 0.17812500000000006 0.5578125 0.2828125000000001 0.5578125