6 0.1312500000000001 0.559375 0.004687500000000068 0.559375 0.004687500000000089 0.89375 0.1312500000000001 0.89375
6 0.36406250000000007 0.465625 0.13750000000000004 0.465625 0.13750000000000007 0.8078125 0.36406250000000007 0.8078125
6 0.4828125000000001 0.4484375 0.29375000000000007 0.4484375 0.29375000000000007 0.784375 0.4828125000000002 0.784375
6 0.58125 0.4328125 0.4265625 0.4328125 0.42656250000000007 0.746875 0.5812500000000002 0.746875
6 0.959375 0.4625000000000002 0.8296875 0.4625000000000002 0.8296875 0.7359375000000001 0.959375 0.7359375000000001
6 0.9015625 0.4671875000000002 0.7578125 0.4671875000000002 0.7578125 0.6593750000000002 0.9015625 0.6593750000000002
6 0.79375 0.45000000000000007 0.715625 0.45 0.715625 0.5687500000000001 0.79375 0.5687500000000002
6 0.7625 0.45000000000000007 0.6859375 0.45 0.6859375 0.5625000000000001 0.7625 0.5625000000000002
6 0.71875 0.4328125 0.65625 0.4328125 0.65625 0.5296875 0.71875 0.5296875
6 0.659375 0.41875 0.5890625 0.41875 0.5890625 0.5171875 0.659375 0.5171875
6 0.584375 0.4140625 0.5203125 0.4140625 0.5203125 0.5109375 0.584375 0.5109375