7 0.865625 0.5515625000000002 0.74375 0.5515625000000002 0.7437500000000001 1 0.865625 1
7 0.7375 0.628125 0.6328125 0.628125 0.6328125000000001 1 0.7375000000000002 1
7 0.6109375000000001 0.5484375 0.53125 0.5484375 0.5312500000000001 1 0.6109375000000001 1
7 0.55 0.5609375 0.446875 0.5609375 0.4468750000000001 0.996875 0.5500000000000002 0.996875
7 0.4203125000000001 0.6 0.34843750000000007 0.6 0.34843750000000007 0.7484375 0.4203125000000002 0.7484375
7 0.4421875000000002 0.759375 0.34843750000000007 0.759375 0.34843750000000007 1 0.4421875000000002 1
7 0.3468750000000001 0.4984375 0.23437500000000008 0.4984375 0.23437500000000008 1 0.3468750000000001 1
7 0.3062500000000001 0.7078125 0.19687500000000008 0.7078125 0.1968750000000001 1 0.3062500000000001 1
7 0.3765625000000001 0.4671875 0.3296875000000001 0.4671875 0.3296875000000001 0.64375 0.3765625000000001 0.64375
7 0.6578125 0.478125 0.5734375 0.478125 0.5734375 0.653125 0.6578125 0.653125
7 0.70625 0.5109375 0.65625 0.5109375 0.65625 0.6859375 0.70625 0.6859375