0 0.18281250000000007 0.4609375 0.007812500000000056 0.4609375 0.007812500000000076 0.7984375 0.1828125000000001 0.7984375
0 0.434375 0.4359375 0.3531250000000001 0.4359375 0.3531250000000001 0.6328125 0.434375 0.6328125
0 0.50625 0.45625 0.41875 0.45625 0.41875 0.609375 0.50625 0.609375
0 0.621875 0.465625 0.50625 0.465625 0.50625 0.603125 0.621875 0.603125
0 0.7671875 0.4828125000000001 0.60625 0.4828125 0.60625 0.6078125000000001 0.7671875 0.6078125000000002
6 0.8671875 0.4703125000000002 0.7609375 0.4703125000000002 0.7609375 0.6093750000000002 0.8671875 0.6093750000000002
6 0.32500000000000007 0.4453125 0.2531250000000001 0.4453125 0.2531250000000001 0.59375 0.32500000000000007 0.59375
6 0.23593750000000008 0.421875 0.15468750000000003 0.421875 0.15468750000000003 0.5140625 0.23593750000000008 0.5140625
7 0.13125000000000006 0.303125 3.7122106099154144e-17 0.303125 6.31458505810354e-17 0.728125 0.1312500000000001 0.728125
7 0.4171875 0.3375 0.35625 0.3375 0.35625000000000007 0.515625 0.4171875 0.515625
7 0.4859375 0.3375000000000001 0.4328125 0.3375000000000001 0.4328125 0.509375 0.4859375 0.509375
7 0.5484375 0.3453125000000001 0.4890625 0.3453125000000001 0.4890625 0.5375 0.5484375 0.5375
7 0.596875 0.3546875000000001 0.5328125 0.3546875000000001 0.5328125 0.51875 0.596875 0.51875
7 0.696875 0.3421875000000001 0.621875 0.3421875000000001 0.621875 0.5453125 0.696875 0.5453125
7 0.8234375 0.3734375000000001 0.74375 0.3734375000000001 0.74375 0.5609375000000002 0.8234375 0.5609375000000002