7 0.5953125000000001 0.2406250000000001 0.4140625 0.2406250000000001 0.4140625000000001 1 0.5953125000000001 1
7 0.34843750000000007 0.4390625 0.23437500000000008 0.4390625 0.23437500000000008 0.8578125 0.34843750000000007 0.8578125
7 0.13125000000000006 0.3375 0.03125000000000004 0.3375 0.03125000000000006 0.6171875 0.1312500000000001 0.6171875
7 0.03125000000000007 0.3171875 3.884426566045511e-17 0.3171875 7.634907388434281e-17 0.9296875 0.03125000000000011 0.9296875
7 0.7390625 0.37187500000000007 0.66875 0.37187500000000007 0.66875 0.5828125000000001 0.7390625 0.5828125000000002
7 0.7921875 0.4218750000000001 0.725 0.421875 0.725 0.5750000000000001 0.7921875 0.5750000000000002
7 1 0.6859375000000002 0.8921875 0.6859375000000002 0.8921875 1 1 1
10 0.8140625 0.534375 0.69375 0.534375 0.6937500000000001 0.76875 0.8140625 0.7687500000000002
10 0.4640625000000001 0.6109375 0.3453125000000001 0.6109375 0.3453125000000001 0.95625 0.46406250000000016 0.95625
10 0.7140625 0.615625 0.584375 0.615625 0.5843750000000001 0.95625 0.7140625000000002 0.95625
10 0.10312500000000009 0.571875 0.0031250000000000696 0.571875 0.003125000000000084 0.803125 0.10312500000000009 0.803125
10 1 0.6484375000000002 0.93125 0.6484375000000002 0.93125 0.7578125000000002 1 0.7578125000000002