7 0.7484375000000001 0.5921875000000001 0.609375 0.5921875 0.6093750000000001 0.884375 0.7484375000000002 0.884375
7 0.78125 0.5671875000000001 0.709375 0.5671875 0.709375 0.721875 0.78125 0.7218750000000002
7 0.928125 0.44843750000000016 0.884375 0.44843750000000016 0.884375 0.5843750000000002 0.928125 0.5843750000000002
7 0.715625 0.403125 0.65625 0.403125 0.65625 0.5390625 0.715625 0.5390625
7 0.55 0.4109375 0.5 0.4109375 0.5 0.5859375 0.55 0.5859375
7 0.08593750000000008 0.48125 5.893612720896637e-17 0.48125 7.060854201333958e-17 0.671875 0.08593750000000008 0.671875
7 0.37031250000000004 0.30000000000000004 0.3109375 0.3 0.31093750000000003 0.5078125 0.3703125000000001 0.5078125
7 0.6625 0.17343750000000008 0.6125 0.17343750000000008 0.6125 0.3218750000000001 0.6625 0.3218750000000001
7 0.7171875 0.18906250000000008 0.6765625 0.18906250000000008 0.6765625 0.2953125000000001 0.7171875 0.2953125000000001
7 0.9703125 0.43281250000000016 0.9375 0.43281250000000016 0.9375 0.5234375000000002 0.9703125 0.5234375000000002
7 0.8 0.1609375000000001 0.7546875 0.1609375000000001 0.7546875 0.3046875000000001 0.8 0.3046875000000001
7 0.5515625 0.19062500000000007 0.4984375 0.19062500000000004 0.4984375 0.3000000000000001 0.5515625 0.3000000000000001
7 0.3109375000000001 0.38125 0.2906250000000001 0.38125 0.2906250000000001 0.4359375 0.3109375000000001 0.4359375