6 0.9171875 0.46562500000000007 0.425 0.465625 0.4250000000000001 1 0.9171875 1
6 0.784375 0.384375 0.3125000000000001 0.384375 0.3125000000000001 0.928125 0.7843750000000002 0.928125
6 0.6171875000000001 0.37343750000000003 0.2875000000000001 0.3734375 0.2875000000000001 0.7953125 0.6171875000000002 0.7953125
6 0.4515625 0.37500000000000006 0.21875000000000008 0.375 0.21875000000000008 0.646875 0.4515625 0.646875
6 0.4453125 0.35156250000000006 0.19375000000000003 0.3515625 0.19375000000000006 0.590625 0.4453125 0.590625
6 0.38593750000000004 0.3453125 0.17031250000000003 0.3453125 0.17031250000000006 0.6484375 0.3859375000000001 0.6484375
9 0.34843750000000007 0.228125 0.12031250000000004 0.228125 0.12031250000000004 0.446875 0.34843750000000007 0.446875
10 0.75 0.3046875000000001 0.65 0.3046875000000001 0.65 0.4453125000000001 0.75 0.44531250000000017
8 0.7640625 0.2796875000000001 0.615625 0.2796875000000001 0.615625 0.4000000000000001 0.7640625 0.4000000000000002
10 0.6546875 0.2796875000000001 0.571875 0.2796875000000001 0.571875 0.3234375000000001 0.6546875 0.3234375000000001
6 1 0.2843750000000001 0.871875 0.2843750000000001 0.871875 0.5968750000000002 1 0.5968750000000002