8 1 0.5578125 6.831232926493829e-17 0.5578125 9.538850458983681e-17 1 1 1
2 0.6578125000000001 0.525 0.5203125 0.525 0.5203125000000001 1 0.6578125000000001 1
5 0.7625000000000001 0.6703125000000001 0.625 0.6703125 0.6250000000000001 1 0.7625000000000002 1
5 0.4640625000000001 0.65 0.32500000000000007 0.65 0.32500000000000007 1 0.46406250000000016 1
5 0.490625 0.5046875 0.4171875 0.5046875 0.4171875 0.6984375 0.490625 0.6984375
5 0.23593750000000008 0.621875 0.10156250000000008 0.621875 0.10156250000000011 0.9203125 0.23593750000000008 0.9203125
5 0.8046875 0.5140625000000002 0.75 0.5140625000000002 0.75 0.6531250000000002 0.8046875 0.6531250000000002
7 1 0.13750000000000012 0.825 0.1375000000000001 0.825 0.6234375000000002 1 0.6234375000000002
7 0.8296875 0.2218750000000001 0.73125 0.2218750000000001 0.73125 0.4703125000000002 0.8296875 0.4703125000000002
7 0.684375 0.15000000000000008 0.484375 0.15000000000000005 0.484375 0.55 0.684375 0.55
7 0.415625 0.09687500000000003 0.1453125 0.09687500000000002 0.14531250000000004 0.596875 0.415625 0.596875