9 0.4750000000000002 0.8015625 0.3593750000000001 0.8015625 0.3593750000000001 0.93125 0.4750000000000002 0.93125
9 0.6093750000000002 0.828125 0.5593750000000002 0.828125 0.5593750000000002 0.9 0.6093750000000002 0.9
9 0.3625000000000001 0.8328125 0.24375000000000008 0.8328125 0.24375000000000008 0.9265625 0.3625000000000001 0.9265625
9 0.2484375000000001 0.865625 0.1843750000000001 0.865625 0.18437500000000012 0.921875 0.2484375000000001 0.921875
9 0.2234375000000001 0.80625 0.1359375000000001 0.80625 0.1359375000000001 0.9078125 0.2234375000000001 0.9078125
9 0.1734375000000001 0.85 0.0953125000000001 0.85 0.0953125000000001 0.9359375 0.17343750000000013 0.9359375
9 0.1343750000000001 0.8625 0.05156250000000011 0.8625 0.05156250000000011 0.95625 0.13437500000000013 0.95625
7 0.5328125000000001 0.834375 0.5078125000000002 0.834375 0.5078125000000002 0.9109375 0.5328125000000001 0.9109375
7 0.07031250000000012 0.9203125 0.02968750000000011 0.9203125 0.029687500000000117 1 0.07031250000000014 1
7 0.14218750000000013 0.9296875 0.11875000000000013 0.9296875 0.11875000000000013 1 0.14218750000000013 1
7 0.16562500000000013 0.9328125 0.14375000000000013 0.9328125 0.14375000000000013 1 0.16562500000000013 1
7 0.18593750000000014 0.9390625 0.16093750000000012 0.9390625 0.16093750000000012 1 0.18593750000000014 1
7 0.21093750000000008 0.9390625 0.18750000000000014 0.9390625 0.18750000000000014 1 0.21093750000000008 1
7 0.2406250000000001 0.928125 0.2078125000000001 0.928125 0.2078125000000001 1 0.2406250000000001 1
7 0.28593750000000007 0.9203125 0.2484375000000001 0.9203125 0.2484375000000001 1 0.28593750000000007 1
7 0.3343750000000001 0.9296875 0.28593750000000007 0.9296875 0.28593750000000007 1 0.3343750000000001 1
7 0.3609375000000001 0.9296875 0.3296875000000001 0.9296875 0.3296875000000001 1 0.3609375000000001 1
7 0.41406250000000017 0.9234375 0.3437500000000001 0.9234375 0.3437500000000001 1 0.41406250000000017 1
6 0.8875 0.8828125 0.84375 0.8828125 0.84375 0.978125 0.8875 0.978125