6 0.5546875000000001 0.440625 0.2390625000000001 0.440625 0.2390625000000001 0.734375 0.5546875000000002 0.734375
6 0.9109375 0.5250000000000001 0.4703125 0.525 0.4703125000000001 0.9421875 0.9109375 0.9421875
9 0.8953125 0.1906250000000001 0.6859375 0.1906250000000001 0.6859375 0.4234375000000001 0.8953125 0.4234375000000002
9 0.13750000000000004 0.2296875 2.812860616791577e-17 0.2296875 4.027939862820591e-17 0.428125 0.13750000000000004 0.428125
9 0.5203125 0.2328125000000001 0.4171875 0.2328125000000001 0.4171875 0.3359375000000001 0.5203125 0.3359375000000001
7 0.590625 0.2562500000000001 0.54375 0.2562500000000001 0.54375 0.37968750000000007 0.590625 0.37968750000000007
7 0.19218750000000004 0.3 0.12031250000000004 0.3 0.12031250000000004 0.528125 0.19218750000000004 0.528125
7 0.37187500000000007 0.21093750000000006 0.3234375 0.2109375 0.32343750000000004 0.41875 0.37187500000000007 0.41875
7 0.4625 0.24062500000000003 0.321875 0.240625 0.321875 0.6484375 0.4625 0.6484375
7 0.7265625 0.2671875000000001 0.578125 0.2671875000000001 0.578125 0.7140625 0.7265625 0.7140625000000002
7 0.93125 0.21093750000000008 0.859375 0.21093750000000008 0.859375 0.7046875000000001 0.93125 0.7046875000000001
7 1 0.17187500000000014 0.9375 0.17187500000000014 0.9375 0.7281250000000001 1 0.7281250000000001
7 0.6203125 0.2140625000000001 0.5875 0.2140625000000001 0.5875 0.3937500000000001 0.6203125 0.3937500000000001