0 0.18906250000000008 0.471875 0.06875000000000006 0.471875 0.06875000000000009 0.8765625 0.18906250000000008 0.8765625
0 0.11250000000000009 0.490625 6.008423358316702e-17 0.490625 8.754311103279908e-17 0.9390625 0.11250000000000013 0.9390625
0 0.3203125000000001 0.496875 0.21875000000000008 0.496875 0.21875000000000008 0.8515625 0.3203125000000001 0.8515625
0 0.46562500000000007 0.5734375 0.36406250000000007 0.5734375 0.36406250000000007 0.94375 0.4656250000000002 0.94375
0 0.5296875000000001 0.55625 0.43125 0.55625 0.4312500000000001 0.88125 0.5296875000000002 0.88125
0 0.5796875000000001 0.565625 0.509375 0.565625 0.5093750000000001 0.825 0.5796875000000001 0.825
0 0.6937500000000001 0.528125 0.5984375 0.528125 0.5984375000000001 0.88125 0.6937500000000002 0.88125
0 0.7937500000000001 0.5390625000000001 0.6609375 0.5390625 0.6609375000000001 0.85625 0.7937500000000002 0.85625
0 0.8953125 0.5734375000000002 0.79375 0.5734375000000002 0.7937500000000001 0.865625 0.8953125 0.865625
0 1 0.5218750000000002 0.896875 0.5218750000000002 0.896875 0.8875 1 0.8875
0 0.775 0.3546875000000001 0.6625 0.3546875000000001 0.6625 0.51875 0.775 0.5187500000000002
0 0.675 0.3578125000000001 0.54375 0.3578125000000001 0.54375 0.546875 0.675 0.546875
0 0.45 0.36718750000000006 0.3625000000000001 0.3671875 0.3625000000000001 0.5515625 0.45 0.5515625
0 0.23281250000000003 0.2828125 0.14843750000000006 0.2828125 0.14843750000000006 0.484375 0.2328125000000001 0.484375
7 0.09687500000000003 0.2328125 0.012500000000000028 0.2328125 0.012500000000000039 0.425 0.09687500000000004 0.425
7 0.34218750000000003 0.3359375 0.2765625 0.3359375 0.27656250000000004 0.534375 0.3421875000000001 0.534375
7 0.525 0.30156250000000007 0.4703125 0.30156250000000007 0.4703125 0.5234375 0.525 0.5234375
7 0.8859375 0.3187500000000001 0.8171875 0.3187500000000001 0.8171875 0.6031250000000001 0.8859375 0.6031250000000001
7 0.9328125 0.21875000000000008 0.89375 0.21875000000000008 0.89375 0.3750000000000001 0.9328125 0.3750000000000001
7 0.8484375 0.2000000000000001 0.7890625 0.2000000000000001 0.7890625 0.3468750000000001 0.8484375 0.3468750000000001
7 0.7890625 0.18906250000000008 0.728125 0.18906250000000008 0.728125 0.3296875000000001 0.7890625 0.3296875000000001
7 0.7078125 0.18750000000000008 0.6328125 0.18750000000000008 0.6328125 0.33281250000000007 0.7078125 0.33281250000000007
7 0.6421875 0.19531250000000008 0.575 0.19531250000000008 0.575 0.3500000000000001 0.6421875 0.3500000000000001
7 0.5390625 0.18750000000000006 0.484375 0.18750000000000006 0.484375 0.3218750000000001 0.5390625 0.3218750000000001
7 0.4765625 0.19218750000000004 0.4265625 0.19218750000000004 0.4265625 0.3359375000000001 0.4765625 0.3359375000000001
7 0.4203125 0.20000000000000004 0.3609375 0.2 0.3609375 0.32343750000000004 0.4203125 0.3234375000000001
7 0.353125 0.19531250000000006 0.278125 0.19531250000000006 0.278125 0.353125 0.353125 0.353125
7 0.2984375 0.2125 0.2203125 0.2125 0.2203125 0.3421875 0.2984375 0.3421875