1 0.3515625000000001 0.7625 0.18750000000000008 0.7625 0.1875000000000001 0.934375 0.3515625000000001 0.934375
1 0.47343750000000007 0.6953125 0.29375000000000007 0.6953125 0.29375000000000007 0.8640625 0.4734375000000002 0.8640625
1 0.984375 0.853125 0.8453125 0.853125 0.8453125 0.9921875 0.984375 0.9921875
1 0.95 0.7750000000000001 0.8265625 0.7750000000000001 0.8265625 0.89375 0.95 0.89375
1 0.8546875 0.7328125000000002 0.8109375 0.7328125000000002 0.8109375 0.828125 0.8546875 0.828125
1 0.7890625000000001 0.6781250000000001 0.6875 0.678125 0.6875000000000001 0.7781250000000001 0.7890625000000002 0.7781250000000002
1 0.7453125 0.6093750000000001 0.66875 0.609375 0.6687500000000001 0.7421875000000001 0.7453125000000002 0.7421875000000002
1 0.6890625000000001 0.596875 0.58125 0.596875 0.58125 0.7265625 0.6890625000000001 0.7265625
1 0.4203125 0.625 0.36406250000000007 0.625 0.36406250000000007 0.7046875 0.4203125 0.7046875
9 0.1765625000000001 0.6671875 0.07031250000000008 0.6671875 0.07031250000000008 0.815625 0.1765625000000001 0.815625
9 0.11250000000000009 0.66875 0.009375000000000083 0.66875 0.009375000000000095 0.8578125 0.11250000000000009 0.8578125
9 0.2312500000000001 0.6328125 0.1687500000000001 0.6328125 0.1687500000000001 0.7421875 0.2312500000000001 0.7421875
9 0.2765625000000001 0.5734375 0.21875000000000008 0.5734375 0.21875000000000008 0.7140625 0.2765625000000001 0.7140625
9 0.3734375000000001 0.5953125 0.29375000000000007 0.5953125 0.29375000000000007 0.703125 0.3734375000000001 0.703125
9 1 0.6531250000000002 0.940625 0.6531250000000002 0.940625 0.859375 1 0.859375
9 0.9609375 0.5562500000000001 0.790625 0.5562500000000001 0.7906250000000001 0.7531250000000002 0.9609375 0.7531250000000002