6 0.3109375000000001 0.853125 0.2500000000000001 0.853125 0.2500000000000001 0.9421875 0.3109375000000001 0.9421875
6 0.1984375000000001 0.8734375 0.1218750000000001 0.8734375 0.12187500000000011 0.975 0.19843750000000013 0.975
6 0.1484375000000001 0.884375 0.08906250000000011 0.884375 0.08906250000000011 0.953125 0.14843750000000014 0.953125
7 0.12031250000000011 0.80625 0.07812500000000008 0.80625 0.0781250000000001 0.9421875 0.12031250000000013 0.9421875
7 0.17812500000000012 0.80625 0.1312500000000001 0.80625 0.13125000000000012 0.9265625 0.17812500000000014 0.9265625
7 0.3078125000000001 0.8171875 0.2671875000000001 0.8171875 0.2671875000000001 0.921875 0.3078125000000001 0.921875
9 0.3750000000000001 0.8203125 0.21093750000000008 0.8203125 0.21093750000000008 0.9609375 0.3750000000000001 0.9609375
9 0.22812500000000008 0.8234375 0.06562500000000011 0.8234375 0.06562500000000011 0.9734375 0.22812500000000008 0.9734375
9 0.0859375000000001 0.80625 9.873714818125535e-17 0.80625 1.0763497258131032e-16 0.9515625 0.08593750000000011 0.9515625
7 0.875 0.8078125 0.8453125 0.8078125 0.8453125 0.8953125 0.875 0.8953125
7 0.5625000000000002 0.821875 0.5218750000000002 0.821875 0.5218750000000002 0.8890625 0.5625000000000002 0.8890625