5 0.6984375 0.5046875 0.4609375 0.5046875 0.4609375000000001 0.796875 0.6984375000000002 0.796875
5 0.5140625 0.4046875 0.3546875000000001 0.4046875 0.3546875000000001 0.53125 0.5140625 0.53125
5 0.6703125 0.36406250000000007 0.53125 0.36406250000000007 0.53125 0.5265625 0.6703125 0.5265625
5 0.5296875 0.30625 0.284375 0.30625 0.28437500000000004 0.39375000000000004 0.5296875 0.3937500000000001
5 0.28906250000000006 0.35625 0.09062500000000004 0.35625 0.09062500000000004 0.415625 0.2890625000000001 0.415625
5 0.6234375 0.36406250000000007 0.521875 0.36406250000000007 0.521875 0.4875 0.6234375 0.4875
5 0.7546875 0.3437500000000001 0.621875 0.3437500000000001 0.621875 0.4562500000000001 0.7546875 0.45625000000000016
5 0.51875 0.653125 0.08437500000000009 0.653125 0.0843750000000001 0.8546875 0.5187500000000002 0.8546875
5 0.3453125000000001 0.528125 0.13281250000000006 0.528125 0.13281250000000006 0.6765625 0.3453125000000001 0.6765625
5 0.1468750000000001 0.596875 0.0031250000000000735 0.596875 0.0031250000000000904 0.86875 0.1468750000000001 0.86875
7 0.4640625 0.06562500000000006 0.29375 0.06562500000000004 0.29375 0.35625000000000007 0.4640625 0.35625000000000007
7 0.928125 0.0609375000000001 0.6703125 0.06093750000000009 0.6703125 0.4453125000000001 0.928125 0.44531250000000017