7 0.934375 0.05312500000000009 0.634375 0.05312500000000007 0.6343750000000001 1 0.934375 1
7 0.6250000000000001 0.03437500000000006 0.259375 0.03437500000000003 0.259375 0.996875 0.6250000000000002 0.996875
7 0.33281250000000007 0.05312500000000002 0.04843750000000001 0.053125 0.04843750000000006 0.859375 0.33281250000000007 0.859375
7 0.5703125 0.17656250000000007 0.4953125 0.17656250000000004 0.4953125 0.3062500000000001 0.5703125 0.3062500000000001
7 0.5484375 0.12187500000000007 0.46875 0.12187500000000004 0.46875 0.28593750000000007 0.5484375 0.28593750000000007
7 0.7 0.1359375000000001 0.6390625 0.1359375000000001 0.6390625 0.33281250000000007 0.7 0.33281250000000007
7 1 0.2015625000000001 0.9484375 0.2015625000000001 0.9484375 0.4750000000000002 1 0.4750000000000002
7 0.9671875 0.1906250000000001 0.9015625 0.1906250000000001 0.9015625 0.37187500000000007 0.9671875 0.37187500000000007
10 0.6859375000000001 0.678125 0.565625 0.678125 0.565625 1 0.6859375000000002 1
10 0.2671875000000001 0.796875 0.0359375000000001 0.796875 0.03593750000000011 1 0.2671875000000001 1
7 0.2921875 0.13750000000000004 0.1984375 0.13750000000000004 0.19843750000000002 0.3328125 0.2921875 0.3328125