8 1 0.7171875000000001 0.34843750000000007 0.7171875 0.34843750000000007 1 1 1
8 0.2468750000000001 0.64375 0.07031250000000008 0.64375 0.0703125000000001 0.81875 0.2468750000000001 0.81875
10 0.884375 0.6187500000000001 0.76875 0.6187500000000001 0.76875 0.7484375000000002 0.884375 0.7484375000000002
10 0.81875 0.5781250000000002 0.7328125 0.5781250000000002 0.7328125000000001 0.7312500000000002 0.81875 0.7312500000000002
7 0.6359375 0.40625 0.5890625 0.40625 0.5890625 0.5734375 0.6359375 0.5734375
7 0.55 0.4125 0.50625 0.4125 0.50625 0.5171875 0.55 0.5171875
7 0.584375 0.3859375000000001 0.540625 0.3859375000000001 0.540625 0.496875 0.584375 0.496875
7 0.5125 0.3921875000000001 0.4625 0.3921875000000001 0.4625 0.5359375 0.5125 0.5359375
7 0.453125 0.3781250000000001 0.403125 0.3781250000000001 0.403125 0.528125 0.453125 0.528125
7 0.3937500000000001 0.5171875 0.3203125000000001 0.5171875 0.3203125000000001 0.6921875 0.3937500000000001 0.6921875
7 0.3218750000000001 0.4578125 0.2671875000000001 0.4578125 0.2671875000000001 0.5859375 0.3218750000000001 0.5859375