5 0.6984375 0.26562500000000006 0.328125 0.265625 0.32812500000000006 0.734375 0.6984375000000002 0.734375
8 1 0.4078125000000001 0.00625000000000005 0.4078125 0.006250000000000086 1 1 1
2 0.14843750000000003 0.06875 0.05 0.06875 0.05000000000000001 0.2 0.14843750000000006 0.2
2 0.2265625 0.01562500000000002 0.1375 0.015625000000000017 0.1375 0.2109375 0.2265625 0.2109375
2 0.28125 0.006250000000000031 0.2171875 0.006250000000000028 0.2171875 0.2125 0.28125 0.2125
2 0.3328125 0.014062500000000037 0.275 0.014062500000000033 0.275 0.19531250000000006 0.3328125 0.19531250000000006
2 0.3921875 0.009375000000000041 0.290625 0.009375000000000036 0.290625 0.20156250000000003 0.3921875 0.2015625000000001
2 0.534375 0.00937500000000006 0.4421875 0.009375000000000055 0.4421875 0.18437500000000004 0.534375 0.18437500000000004
2 0.6046875 0.01562500000000007 0.540625 0.015625000000000066 0.540625 0.18593750000000006 0.6046875 0.1859375000000001
2 0.6953125 0.00781250000000008 0.603125 0.007812500000000075 0.603125 0.1859375000000001 0.6953125 0.1859375000000001
2 0.740625 0.015625000000000087 0.6578125 0.015625000000000083 0.6578125 0.17968750000000008 0.740625 0.17968750000000008
2 0.828125 0.006250000000000098 0.7609375 0.006250000000000094 0.7609375 0.1781250000000001 0.828125 0.1781250000000001
2 0.8953125 0.012500000000000105 0.8265625 0.0125000000000001 0.8265625 0.1921875000000001 0.8953125 0.1921875000000001
2 0.9671875 1.1414090870178066e-16 0.896875 1.0983550979852825e-16 0.896875 0.18593750000000012 0.9671875 0.18593750000000014
2 1 0.0031250000000001194 0.953125 0.0031250000000001164 0.953125 0.17968750000000014 1 0.17968750000000014