9 0.7593750000000001 0.6359375 0.4703125 0.6359375 0.4703125000000001 0.8328125 0.7593750000000001 0.8328125
9 1 0.6609375000000002 0.8671875 0.6609375000000002 0.8671875 0.8234375 1 0.8234375
9 0.9234375 0.6187500000000001 0.8421875 0.6187500000000001 0.8421875 0.7421875000000002 0.9234375 0.7421875000000002
7 0.5234375000000001 0.603125 0.4765625 0.603125 0.4765625000000001 0.7453125 0.5234375000000002 0.7453125
7 0.20468750000000008 0.565625 0.15625000000000008 0.565625 0.15625000000000008 0.80625 0.20468750000000008 0.80625
7 0.2515625000000001 0.603125 0.21250000000000008 0.603125 0.21250000000000008 0.7625 0.2515625000000001 0.7625
7 0.3078125000000001 0.575 0.2468750000000001 0.575 0.2468750000000001 0.83125 0.3078125000000001 0.83125
7 0.08593750000000008 0.590625 0.02968750000000008 0.590625 0.02968750000000009 0.7875 0.08593750000000008 0.7875
7 0.34062500000000007 0.559375 0.30937500000000007 0.559375 0.30937500000000007 0.7359375 0.34062500000000007 0.7359375
7 0.4609375000000001 0.5765625 0.3546875000000001 0.5765625 0.3546875000000001 0.8234375 0.46093750000000017 0.8234375
6 0.5281250000000002 0.7390625 0.30937500000000007 0.7390625 0.30937500000000007 0.9609375 0.5281250000000002 0.9609375