8 0.828125 0.5531250000000001 0.1625000000000001 0.553125 0.1625000000000001 0.884375 0.828125 0.884375
10 0.8953125 0.5578125000000002 0.78125 0.5578125000000002 0.7812500000000001 0.8359375 0.8953125 0.8359375
10 0.8234375 0.5296875000000002 0.746875 0.5296875000000002 0.746875 0.6765625000000002 0.8234375 0.6765625000000002
10 0.6859375 0.5140625 0.584375 0.5140625 0.584375 0.6359375 0.6859375 0.6359375
10 0.7468750000000001 0.5750000000000001 0.5875 0.575 0.5875000000000001 0.9421875 0.7468750000000002 0.9421875
10 0.5937500000000001 0.5609375 0.4484375 0.5609375 0.4484375000000001 0.996875 0.5937500000000002 0.996875
10 0.4406250000000001 0.5515625 0.3062500000000001 0.5515625 0.3062500000000001 0.9375 0.44062500000000016 0.9375
10 0.29375000000000007 0.5625 0.1609375000000001 0.5625 0.16093750000000012 0.9515625 0.29375000000000007 0.9515625
10 0.1468750000000001 0.559375 0.023437500000000066 0.559375 0.02343750000000009 0.8859375 0.1468750000000001 0.8859375
10 0.3343750000000001 0.4875 0.2500000000000001 0.4875 0.2500000000000001 0.6359375 0.3343750000000001 0.6359375
10 0.440625 0.4890625 0.3593750000000001 0.4890625 0.3593750000000001 0.6296875 0.440625 0.6296875
10 0.578125 0.4953125 0.4703125 0.4953125 0.4703125 0.63125 0.578125 0.63125