9 0.11250000000000007 0.378125 4.63069570927593e-17 0.378125 6.907773351440539e-17 0.75 0.11250000000000009 0.75
3 0.98125 0.05781250000000006 0.0703125 0.0578125 0.07031250000000006 0.9875 0.98125 0.9875
7 1 0.49531250000000016 0.921875 0.49531250000000016 0.921875 0.9484375 1 0.9484375
7 1 0.5687500000000002 0.971875 0.5687500000000002 0.971875 0.9515625 1 0.9515625
7 0.4375 0.04218750000000005 0.3890625 0.042187500000000044 0.3890625 0.19843750000000004 0.4375 0.19843750000000004
7 0.275 0.07968750000000004 0.2234375 0.07968750000000002 0.2234375 0.2265625 0.275 0.2265625
7 0.334375 0.10156250000000004 0.275 0.10156250000000004 0.275 0.215625 0.334375 0.215625
7 0.4 0.08906250000000004 0.346875 0.08906250000000004 0.346875 0.18750000000000006 0.4 0.18750000000000006
7 0.17187500000000003 0.02343750000000002 0.11875 0.023437500000000017 0.11875000000000002 0.2125 0.17187500000000006 0.2125
7 0.09531250000000004 0.13125 0.018750000000000017 0.13125 0.018750000000000027 0.3328125 0.09531250000000005 0.3328125
7 0.04531250000000002 0.10625 1.3011872240940627e-17 0.10625 2.4205909389396902e-17 0.2890625 0.04531250000000003 0.2890625
7 0.09843750000000001 1.0237281836622406e-17 0.06875 8.419446744138053e-18 0.06875 0.09375000000000001 0.09843750000000002 0.09375000000000003
7 0.06875 7.079989307570636e-18 0.046875 5.7405318710032185e-18 0.04687500000000001 0.0953125 0.06875000000000002 0.0953125
7 0.04687500000000001 3.061616997868383e-18 0.003125 3.827021247335479e-19 0.003125000000000007 0.1140625 0.046875000000000014 0.1140625