2 0.27656250000000004 0.3578125 0.234375 0.3578125 0.23437500000000006 0.5375 0.2765625000000001 0.5375
2 0.38750000000000007 0.31718750000000007 0.3421875 0.3171875 0.34218750000000003 0.5296875 0.38750000000000007 0.5296875
5 0.4609375 0.38750000000000007 0.409375 0.38750000000000007 0.409375 0.540625 0.4609375 0.540625
5 0.33281250000000007 0.4109375 0.2750000000000001 0.4109375 0.2750000000000001 0.540625 0.33281250000000007 0.540625
6 1 0.48750000000000016 0.85625 0.48750000000000016 0.85625 0.871875 1 0.871875
10 0.15312500000000012 0.6234375 0.01875000000000008 0.6234375 0.0187500000000001 1 0.15312500000000012 1
10 0.4687500000000001 0.7078125 0.23437500000000008 0.7078125 0.23437500000000008 1 0.46875000000000017 1
10 0.7609375 0.6312500000000001 0.5703125 0.63125 0.5703125000000001 1 0.7609375000000002 1
10 0.671875 0.5171875 0.559375 0.5171875 0.559375 0.6828125 0.671875 0.6828125
10 0.6578125 0.45625 0.5734375 0.45625 0.5734375 0.5875 0.6578125 0.5875
10 0.14843750000000006 0.45 0.05312500000000005 0.45 0.05312500000000007 0.6421875 0.14843750000000008 0.6421875
10 0.9671875 0.24375000000000008 0.8640625 0.24375000000000008 0.8640625 0.48437500000000017 0.9671875 0.48437500000000017