10 0.3781250000000001 0.55625 0.09062500000000007 0.55625 0.0906250000000001 1 0.3781250000000001 1
8 0.5109375 0.5234375 0.17500000000000004 0.5234375 0.1750000000000001 1 0.5109375000000002 1
5 0.475 0.471875 0.4234375 0.471875 0.4234375 0.609375 0.475 0.609375
5 0.41875 0.490625 0.3781250000000001 0.490625 0.3781250000000001 0.5875 0.41875 0.5875
5 0.37968750000000007 0.4921875 0.3296875000000001 0.4921875 0.3296875000000001 0.60625 0.37968750000000007 0.60625
5 0.4046875 0.4546875 0.3468750000000001 0.4546875 0.3468750000000001 0.50625 0.4046875 0.50625
8 1 0.5984375000000002 0.821875 0.5984375000000002 0.821875 0.9328125 1 0.9328125
2 0.671875 0.06718750000000008 0.6140625 0.06718750000000007 0.6140625 0.21875000000000008 0.671875 0.21875000000000008
2 0.7375 0.08125000000000009 0.678125 0.08125000000000009 0.678125 0.2453125000000001 0.7375 0.2453125000000001
2 0.7390625 0.29375000000000007 0.7140625 0.29375000000000007 0.7140625 0.3656250000000001 0.7390625 0.3656250000000001
2 0.71875 0.3140625000000001 0.6953125 0.3140625000000001 0.6953125 0.37968750000000007 0.71875 0.37968750000000007
2 0.7015625 0.2984375000000001 0.6609375 0.2984375000000001 0.6609375 0.3656250000000001 0.7015625 0.3656250000000001
2 0.671875 0.2843750000000001 0.6375 0.2843750000000001 0.6375 0.3687500000000001 0.671875 0.3687500000000001
2 0.634375 0.2921875000000001 0.6140625 0.2921875000000001 0.6140625 0.3734375000000001 0.634375 0.3734375000000001
2 0.6171875 0.2906250000000001 0.584375 0.2906250000000001 0.584375 0.3671875000000001 0.6171875 0.3671875000000001
2 0.7703125 0.3828125000000001 0.7078125 0.3828125000000001 0.7078125 0.4562500000000001 0.7703125 0.45625000000000016
2 0.7078125 0.3984375000000001 0.6640625 0.3984375000000001 0.6640625 0.4578125 0.7078125 0.4578125
2 0.6640625 0.3843750000000001 0.625 0.3843750000000001 0.625 0.453125 0.6640625 0.453125
2 0.6234375 0.3781250000000001 0.596875 0.3781250000000001 0.596875 0.4703125 0.6234375 0.4703125
2 0.671875 0.459375 0.6453125 0.459375 0.6453125 0.503125 0.671875 0.503125
2 0.6421875 0.4515625 0.60625 0.4515625 0.60625 0.5046875 0.6421875 0.5046875
2 0.7578125 0.4359375000000001 0.721875 0.4359375 0.721875 0.5140625000000001 0.7578125 0.5140625000000002
2 0.7140625 0.45625 0.6671875 0.45625 0.6671875 0.5140625 0.7140625 0.5140625
2 0.765625 0.5375000000000001 0.7203125 0.5375 0.7203125 0.6250000000000001 0.765625 0.6250000000000002
2 0.7296875 0.5296875000000001 0.6765625 0.5296875 0.6765625 0.6171875000000001 0.7296875 0.6171875000000002
2 0.6796875 0.5421875 0.634375 0.5421875 0.634375 0.6296875 0.6796875 0.6296875
2 0.609375 0.553125 0.578125 0.553125 0.578125 0.6375 0.609375 0.6375
2 0.66875 0.596875 0.6234375 0.596875 0.6234375 0.65625 0.66875 0.65625
2 0.753125 0.5984375000000001 0.6984375 0.5984375 0.6984375 0.6656250000000001 0.753125 0.6656250000000001