10 0.7796875 0.2328125000000001 0.7015625 0.2328125000000001 0.7015625 0.4359375000000001 0.7796875 0.4359375000000002
10 0.7796875 0.11093750000000009 0.7171875 0.11093750000000009 0.7171875 0.24218750000000008 0.7796875 0.24218750000000008
10 0.46875 0.23593750000000008 0.384375 0.23593750000000008 0.384375 0.3546875000000001 0.46875 0.3546875000000001
10 0.34687500000000004 0.203125 0.2875 0.203125 0.28750000000000003 0.4421875 0.3468750000000001 0.4421875
10 0.29531250000000003 0.3046875 0.17812500000000003 0.3046875 0.17812500000000006 0.6578125 0.2953125000000001 0.6578125
10 0.628125 0.3140625 0.3421875 0.3140625 0.34218750000000003 0.7125 0.628125 0.7125
10 1 0.4093750000000001 0.6875 0.409375 0.6875000000000001 0.9328125 1 0.9328125
7 0.9984375 0.5890625000000002 0.81875 0.5890625000000002 0.81875 1 0.9984375 1
7 0.953125 0.3703125000000001 0.56875 0.3703125000000001 0.5687500000000001 0.98125 0.953125 0.98125
7 0.5640625000000001 0.2250000000000001 0.378125 0.2250000000000001 0.37812500000000004 0.9484375 0.5640625000000001 0.9484375
7 0.20312500000000006 0.29375 3.59739997249535e-17 0.29375 7.367015901120796e-17 0.909375 0.20312500000000008 0.909375
7 0.715625 0.09531250000000008 0.621875 0.09531250000000006 0.621875 0.37968750000000007 0.715625 0.37968750000000007
7 0.440625 0.018750000000000044 0.2890625 0.018750000000000034 0.2890625 0.19687500000000005 0.440625 0.19687500000000005