7 0.6375000000000002 0.8453125 0.5750000000000002 0.8453125 0.5750000000000002 0.95 0.6375000000000002 0.95
6 0.6515625000000002 0.925 0.5703125000000002 0.925 0.5703125000000002 1 0.6515625000000002 1
6 0.896875 0.2593750000000001 0.85 0.2593750000000001 0.85 0.37187500000000007 0.896875 0.37187500000000007
6 0.896875 0.4968750000000002 0.85625 0.4968750000000002 0.85625 0.6171875000000002 0.896875 0.6171875000000002
9 0.8265625 0.6968750000000001 0.690625 0.696875 0.690625 0.96875 0.8265625 0.96875
9 0.5765625000000001 0.709375 0.440625 0.709375 0.4406250000000001 0.9203125 0.5765625000000002 0.9203125
9 0.6718750000000001 0.6140625 0.53125 0.6140625 0.5312500000000001 0.7875 0.6718750000000002 0.7875
9 0.825 0.596875 0.7078125 0.596875 0.7078125000000001 0.7375 0.825 0.7375000000000002
9 0.8328125 0.5328125000000001 0.75 0.5328125000000001 0.75 0.6359375000000002 0.8328125 0.6359375000000002
9 0.846875 0.37968750000000007 0.7765625 0.37968750000000007 0.7765625 0.4890625000000002 0.846875 0.4890625000000002
9 0.8359375 0.3203125000000001 0.7765625 0.3203125000000001 0.7765625 0.3984375000000001 0.8359375 0.3984375000000001
9 0.85625 0.2250000000000001 0.784375 0.2250000000000001 0.784375 0.34843750000000007 0.85625 0.34843750000000007
9 0.88125 0.1937500000000001 0.828125 0.1937500000000001 0.828125 0.2453125000000001 0.88125 0.2453125000000001
9 0.8625 0.1390625000000001 0.828125 0.1390625000000001 0.828125 0.1828125000000001 0.8625 0.1828125000000001
9 0.3609375000000001 0.7640625 0.1625000000000001 0.7640625 0.16250000000000012 1 0.3609375000000001 1
9 0.1328125000000001 0.765625 9.376202055971923e-17 0.765625 1.0811335023722728e-16 1 0.13281250000000014 1
9 0.05468750000000009 0.6546875 8.017609513167828e-17 0.6546875 8.916959506291665e-17 0.8015625 0.05468750000000009 0.8015625
9 0.05625000000000006 0.3265625 0.00312500000000004 0.3265625 0.0031250000000000487 0.4609375 0.056250000000000064 0.4609375
9 0.4281250000000001 0.5875 0.3046875000000001 0.5875 0.3046875000000001 0.80625 0.4281250000000002 0.80625
9 0.475 0.5078125 0.4015625 0.5078125 0.4015625 0.646875 0.475 0.646875
9 0.575 0.428125 0.4640625 0.428125 0.4640625 0.625 0.575 0.625
9 0.603125 0.3859375000000001 0.5203125 0.3859375000000001 0.5203125 0.5015625 0.603125 0.5015625
9 0.50625 0.4203125 0.3906250000000001 0.4203125 0.3906250000000001 0.5375 0.50625 0.5375
9 0.5296875 0.3625000000000001 0.425 0.3625000000000001 0.425 0.4359375 0.5296875 0.4359375
9 0.6484375 0.3375000000000001 0.5625 0.3375000000000001 0.5625 0.421875 0.6484375 0.421875
9 0.553125 0.2921875000000001 0.496875 0.2921875000000001 0.496875 0.3812500000000001 0.553125 0.3812500000000001
9 0.6015625 0.2750000000000001 0.534375 0.2750000000000001 0.534375 0.3187500000000001 0.6015625 0.3187500000000001
9 0.69375 0.2968750000000001 0.6046875 0.2968750000000001 0.6046875 0.3703125000000001 0.69375 0.3703125000000001
9 0.696875 0.24375000000000008 0.640625 0.24375000000000008 0.640625 0.3312500000000001 0.696875 0.3312500000000001
9 0.7328125 0.3531250000000001 0.6734375 0.3531250000000001 0.6734375 0.4906250000000001 0.7328125 0.4906250000000002
9 0.66875 0.4671875 0.5921875 0.4671875 0.5921875 0.5671875 0.66875 0.5671875
9 0.75 0.2984375000000001 0.6921875 0.2984375000000001 0.6921875 0.3890625000000001 0.75 0.3890625000000001
9 0.7640625 0.23593750000000008 0.740625 0.23593750000000008 0.740625 0.3156250000000001 0.7640625 0.3156250000000001
9 0.8125 0.17343750000000008 0.75625 0.17343750000000008 0.75625 0.2296875000000001 0.8125 0.2296875000000001
9 0.7546875 0.17343750000000008 0.6984375 0.17343750000000008 0.6984375 0.2531250000000001 0.7546875 0.2531250000000001
9 0.715625 0.1781250000000001 0.6296875 0.1781250000000001 0.6296875 0.2750000000000001 0.715625 0.2750000000000001