3 0.2250000000000001 0.465625 0.021875000000000054 0.465625 0.021875000000000068 0.69375 0.2250000000000001 0.69375
3 0.3359375000000001 0.45 0.22031250000000008 0.45 0.22031250000000008 0.678125 0.3359375000000001 0.678125
7 0.3703125000000001 0.5546875 0.30937500000000007 0.5546875 0.30937500000000007 0.7078125 0.3703125000000001 0.7078125
7 0.32500000000000007 0.528125 0.2812500000000001 0.528125 0.2812500000000001 0.7328125 0.32500000000000007 0.7328125
7 0.4109375 0.5671875 0.3546875000000001 0.5671875 0.3546875000000001 0.6734375 0.4109375 0.6734375
7 0.4421875 0.5859375 0.4046875 0.5859375 0.4046875 0.6734375 0.4421875 0.6734375
7 0.4734375 0.559375 0.4359375 0.559375 0.4359375 0.703125 0.4734375 0.703125
7 0.525 0.59375 0.4671875 0.59375 0.4671875 0.6953125 0.525 0.6953125
7 0.7609375 0.5875000000000001 0.709375 0.5875 0.709375 0.7046875000000001 0.7609375 0.7046875000000001
7 0.8953125 0.5875000000000001 0.853125 0.5875000000000001 0.853125 0.6984375000000002 0.8953125 0.6984375000000002
7 0.94375 0.5937500000000002 0.8875 0.5937500000000002 0.8875 0.6859375000000002 0.94375 0.6859375000000002
7 0.996875 0.5921875000000002 0.95625 0.5921875000000002 0.95625 0.7437500000000001 0.996875 0.7437500000000001
9 0.696875 0.5546875 0.609375 0.5546875 0.609375 0.66875 0.696875 0.66875