1 0.3421875000000001 0.5578125 0.06093750000000007 0.5578125 0.060937500000000075 0.665625 0.3421875000000001 0.665625
1 1 0.6453125000000001 0.30156250000000007 0.6453125 0.30156250000000007 0.9734375 1 0.9734375
7 0.4765625 0.4234375 0.3453125000000001 0.4234375 0.3453125000000001 0.7171875 0.4765625 0.7171875
7 0.14218750000000008 0.5109375 0.07343750000000007 0.5109375 0.07343750000000007 0.6328125 0.14218750000000008 0.6328125
7 0.2718750000000001 0.5046875 0.18281250000000004 0.5046875 0.18281250000000007 0.6234375 0.2718750000000001 0.6234375
7 0.5921875000000001 0.5546875 0.5046875 0.5546875 0.5046875000000001 0.7359375 0.5921875000000002 0.7359375
7 0.64375 0.534375 0.58125 0.534375 0.58125 0.728125 0.6437500000000002 0.728125
7 0.7109375000000001 0.5359375 0.64375 0.5359375 0.64375 0.75 0.7109375000000002 0.75
7 0.7953125000000001 0.5687500000000001 0.7140625 0.56875 0.7140625 0.7609375 0.7953125000000002 0.7609375000000002
7 0.878125 0.5531250000000002 0.784375 0.5531250000000002 0.784375 0.7765625000000002 0.878125 0.7765625000000002
7 0.9078125 0.5843750000000002 0.8625 0.5843750000000002 0.8625 0.7562500000000002 0.9078125 0.7562500000000002
7 1 0.5718750000000001 0.9140625 0.5718750000000001 0.9140625 0.7812500000000002 1 0.7812500000000002