5 0.8359375 0.4859375000000002 0.76875 0.4859375000000002 0.76875 0.5953125000000001 0.8359375 0.5953125000000001
5 0.69375 0.4296875 0.628125 0.4296875 0.628125 0.5640625 0.69375 0.5640625
5 0.5859375 0.45625 0.525 0.45625 0.525 0.6140625 0.5859375 0.6140625
5 0.3187500000000001 0.534375 0.2531250000000001 0.534375 0.2531250000000001 0.7171875 0.3187500000000001 0.7171875
5 0.2156250000000001 0.54375 0.15625000000000006 0.54375 0.15625000000000006 0.715625 0.2156250000000001 0.715625
7 0.5046875 0.17187500000000006 0.3515625 0.17187500000000006 0.35156250000000006 0.653125 0.5046875 0.653125
7 0.29218750000000004 0.12187500000000002 0.07968750000000002 0.121875 0.07968750000000005 0.6 0.2921875000000001 0.6
7 0.22187500000000004 0.06093750000000001 7.462691432304185e-18 0.0609375 6.400693036168589e-17 0.984375 0.2218750000000001 0.984375
7 0.8 0.1468750000000001 0.571875 0.1468750000000001 0.571875 0.5375000000000001 0.8 0.5375000000000002
7 1 0.1406250000000001 0.8640625 0.14062500000000008 0.8640625 0.7906250000000001 1 0.7906250000000001
8 1 0.5609375000000001 0.05468750000000007 0.5609375 0.0546875000000001 1 1 1