6 0.753125 0.5265625 0.565625 0.5265625 0.565625 0.80625 0.7531250000000002 0.80625
6 0.3125000000000001 0.54375 0.16875000000000004 0.54375 0.16875000000000007 0.659375 0.3125000000000001 0.659375
7 0.3140625000000001 0.428125 0.22656250000000008 0.428125 0.22656250000000008 0.675 0.3140625000000001 0.675
7 0.23437500000000008 0.41875 0.14843750000000006 0.41875 0.14843750000000006 0.6234375 0.23437500000000008 0.6234375
7 0.3578125000000001 0.3953125 0.30937500000000007 0.3953125 0.30937500000000007 0.590625 0.3578125000000001 0.590625
7 0.4140625 0.4046875 0.3437500000000001 0.4046875 0.3437500000000001 0.5890625 0.4140625 0.5890625
7 0.4843750000000001 0.3812500000000001 0.4171875 0.3812500000000001 0.4171875000000001 0.7421875 0.48437500000000017 0.7421875
7 0.5453125000000001 0.43125 0.4859375 0.43125 0.4859375000000001 0.7734375 0.5453125000000002 0.7734375
7 0.7093750000000001 0.4078125 0.5796875 0.4078125 0.5796875000000001 0.7328125 0.7093750000000002 0.7328125
7 0.8484375 0.3515625000000001 0.7390625 0.3515625000000001 0.7390625000000001 0.8859375 0.8484375 0.8859375
7 0.9875 0.3375000000000001 0.821875 0.3375000000000001 0.821875 0.921875 0.9875 0.921875