7 0.10937500000000008 0.4484375 5.4917754899264124e-17 0.4484375 8.658635572096521e-17 0.965625 0.10937500000000014 0.965625
7 0.2312500000000001 0.453125 0.10000000000000005 0.453125 0.10000000000000009 0.984375 0.2312500000000001 0.984375
7 0.3968750000000001 0.478125 0.2968750000000001 0.478125 0.2968750000000001 0.8640625 0.3968750000000001 0.8640625
7 0.6453125000000001 0.5296875 0.5796875 0.5296875 0.5796875000000001 0.8328125 0.6453125000000002 0.8328125
7 0.5671875000000001 0.5078125 0.509375 0.5078125 0.5093750000000001 0.7734375 0.5671875000000002 0.7734375
7 0.5218750000000001 0.4890625 0.4109375 0.4890625 0.41093750000000007 0.8078125 0.5218750000000002 0.8078125
7 0.41875 0.490625 0.3890625000000001 0.490625 0.3890625000000001 0.6 0.41875 0.6
7 0.7375 0.4843750000000001 0.00468750000000006 0.484375 0.0046875000000000675 0.6125 0.7375 0.6125000000000002
0 0.93125 0.6046875000000002 0.7328125 0.6046875000000002 0.7328125000000001 0.8421875 0.93125 0.8421875
0 0.8765625 0.6390625000000001 0.703125 0.6390625 0.7031250000000001 0.7875000000000001 0.8765625 0.7875000000000002
0 0.80625 0.6265625000000001 0.640625 0.6265625 0.640625 0.6984375 0.80625 0.6984375000000002