6 0.3078125000000001 0.43125 0.13437500000000005 0.43125 0.13437500000000008 0.715625 0.3078125000000001 0.715625
6 0.515625 0.4265625 0.2890625000000001 0.4265625 0.2890625000000001 0.690625 0.515625 0.690625
6 0.584375 0.4625 0.4015625 0.4625 0.4015625 0.70625 0.584375 0.70625
6 0.7046875 0.4140625 0.58125 0.4140625 0.58125 0.6203125 0.7046875 0.6203125
7 0.33281250000000007 0.340625 0.2484375 0.340625 0.24843750000000003 0.571875 0.33281250000000007 0.571875
7 0.484375 0.29687500000000006 0.3578125 0.296875 0.35781250000000003 0.56875 0.484375 0.56875
7 0.5875 0.3000000000000001 0.503125 0.3000000000000001 0.503125 0.6234375 0.5875 0.6234375
7 0.740625 0.2687500000000001 0.634375 0.2687500000000001 0.634375 0.5015625000000001 0.740625 0.5015625000000001
7 0.81875 0.2578125000000001 0.7609375 0.2578125000000001 0.7609375 0.40156250000000016 0.81875 0.40156250000000016
7 0.934375 0.2578125000000001 0.875 0.2578125000000001 0.875 0.3750000000000001 0.934375 0.3750000000000001
7 0.3296875 0.3140625 0.2984375 0.3140625 0.2984375 0.3890625 0.3296875000000001 0.3890625
7 0.35937500000000006 0.309375 0.34375 0.309375 0.34375000000000006 0.41875 0.3593750000000001 0.41875
7 0.08750000000000005 0.3375 0.04843750000000004 0.3375 0.04843750000000005 0.4703125 0.08750000000000006 0.4703125
7 0.2984375 0.31875 0.275 0.31875 0.275 0.371875 0.2984375000000001 0.371875
7 0.671875 0.2796875000000001 0.640625 0.2796875000000001 0.640625 0.3921875000000001 0.671875 0.3921875000000001
9 1 0.33437500000000003 0.259375 0.334375 0.259375 0.9890625 1 0.9890625