1 0.6921875000000001 0.6171875 0.5265625 0.6171875 0.5265625 0.7953125 0.6921875000000002 0.7953125
1 0.3937500000000001 0.5984375 0.2609375000000001 0.5984375 0.2609375000000001 0.746875 0.3937500000000001 0.746875
1 0.15937500000000007 0.5234375 0.07187500000000006 0.5234375 0.07187500000000006 0.5671875 0.1593750000000001 0.5671875
1 0.21093750000000008 0.525 0.15468750000000003 0.525 0.15468750000000006 0.56875 0.21093750000000008 0.56875
1 0.2890625000000001 0.5109375 0.2078125000000001 0.5109375 0.2078125000000001 0.5484375 0.2890625000000001 0.5484375
1 0.8078125 0.5828125000000001 0.7109375 0.5828125 0.7109375 0.7234375000000001 0.8078125 0.7234375000000002
1 0.8828125 0.5343750000000002 0.7671875 0.5343750000000002 0.7671875 0.6343750000000001 0.8828125 0.6343750000000001
1 0.884375 0.4484375000000001 0.7203125 0.4484375 0.7203125 0.51875 0.884375 0.5187500000000002
1 0.9859375 0.5093750000000001 0.9109375 0.5093750000000001 0.9109375 0.6296875000000002 0.9859375 0.6296875000000002
1 0.696875 0.45625 0.603125 0.45625 0.603125 0.5359375 0.696875 0.5359375
1 0.5953125 0.4546875 0.421875 0.4546875 0.421875 0.54375 0.5953125 0.54375
1 0.1390625000000001 0.6 7.347880794884119e-17 0.6 8.323771212954667e-17 0.759375 0.1390625000000001 0.759375