1 0.9046875 0.6687500000000001 0.403125 0.66875 0.40312500000000007 1 0.9046875 1
1 0.821875 0.6343750000000001 0.6203125 0.634375 0.6203125 0.8546875 0.821875 0.8546875
1 0.984375 0.5734375000000002 0.728125 0.5734375000000002 0.7281250000000001 0.7468750000000002 0.984375 0.7468750000000002
1 1 0.5031250000000002 0.8171875 0.5031250000000002 0.8171875 0.6609375000000002 1 0.6609375000000002
1 0.6890625 0.515625 0.521875 0.515625 0.521875 0.6859375 0.6890625 0.6859375
1 0.778125 0.4390625000000001 0.63125 0.4390625 0.63125 0.6265625000000001 0.778125 0.6265625000000001
1 0.5359375000000001 0.55625 0.2156250000000001 0.55625 0.2156250000000001 0.759375 0.5359375000000002 0.759375
1 0.2750000000000001 0.4859375 0.10000000000000005 0.4859375 0.10000000000000006 0.646875 0.2750000000000001 0.646875
1 0.453125 0.33281250000000007 0.3875 0.33281250000000007 0.38750000000000007 0.44375 0.453125 0.44375
1 0.4046875 0.37343750000000003 0.3625000000000001 0.3734375 0.3625000000000001 0.45 0.4046875 0.45
1 0.32812500000000006 0.3609375 0.23125 0.3609375 0.23125000000000004 0.4671875 0.3281250000000001 0.4671875
1 0.25468750000000007 0.3625 0.17500000000000004 0.3625 0.17500000000000004 0.4515625 0.25468750000000007 0.4515625
1 0.17812500000000003 0.36875 0.08281250000000004 0.36875 0.08281250000000005 0.45625 0.17812500000000003 0.45625
1 0.675 0.43125 0.5046875 0.43125 0.5046875 0.54375 0.675 0.54375