6 0.978125 0.7765625 0.6875000000000002 0.7765625 0.6875000000000002 1 0.978125 1
6 0.10625000000000007 0.5125 6.276314845630185e-17 0.5125 8.00804196004949e-17 0.7953125 0.1062500000000001 0.7953125
0 0.7390625000000001 0.6187500000000001 0.534375 0.61875 0.534375 0.875 0.7390625000000002 0.875
0 1 0.6187500000000001 0.9 0.6187500000000001 0.9 0.8125 1 0.8125
10 0.684375 0.565625 0.55 0.565625 0.55 0.675 0.684375 0.675
10 0.79375 0.5718750000000001 0.7015625 0.571875 0.7015625 0.6562500000000001 0.79375 0.6562500000000002
7 0.74375 0.4937500000000001 0.7 0.49375 0.7 0.5953125000000001 0.74375 0.5953125000000001
7 0.421875 0.415625 0.3703125000000001 0.415625 0.3703125000000001 0.6359375 0.421875 0.6359375
7 0.5109375 0.4234375 0.46875 0.4234375 0.46875 0.6765625 0.5109375 0.6765625
7 0.5515625 0.415625 0.5078125 0.415625 0.5078125 0.6390625 0.5515625 0.6390625
7 0.59375 0.3984375000000001 0.55 0.3984375000000001 0.55 0.5515625 0.59375 0.5515625
7 0.8890625 0.4468750000000002 0.8125 0.4468750000000002 0.8125 0.7562500000000002 0.8890625 0.7562500000000002
7 0.9390625 0.40625000000000017 0.903125 0.40625000000000017 0.903125 0.6468750000000002 0.9390625 0.6468750000000002
7 0.9859375 0.4437500000000002 0.925 0.4437500000000002 0.925 0.6218750000000002 0.9859375 0.6218750000000002
7 0.3671875000000001 0.4125 0.3296875000000001 0.4125 0.3296875000000001 0.5734375 0.3671875000000001 0.5734375
7 0.3281250000000001 0.421875 0.27031250000000007 0.421875 0.27031250000000007 0.6015625 0.3281250000000001 0.6015625
7 0.24218750000000008 0.365625 0.18437500000000004 0.365625 0.18437500000000004 0.515625 0.24218750000000008 0.515625
8 0.4156250000000001 0.59375 0.1906250000000001 0.59375 0.1906250000000001 0.865625 0.4156250000000002 0.865625