9 0.9375 0.7078125000000002 0.74375 0.7078125000000002 0.7437500000000001 0.8921875 0.9375 0.8921875
9 0.7859375000000002 0.7328125000000001 0.6875000000000002 0.7328125 0.6875000000000002 0.89375 0.7859375000000002 0.89375
9 0.7281250000000001 0.7484375000000001 0.6687500000000002 0.7484375 0.6687500000000002 0.878125 0.7281250000000001 0.878125
9 0.5937500000000001 0.6890625 0.5484375 0.6890625 0.5484375000000001 0.7875 0.5937500000000002 0.7875
9 0.5796875000000001 0.6578125 0.5546875 0.6578125 0.5546875000000001 0.734375 0.5796875000000001 0.734375
9 0.590625 0.63125 0.5515625 0.63125 0.5515625 0.71875 0.590625 0.71875
9 0.4359375000000001 0.6984375 0.3703125000000001 0.6984375 0.3703125000000001 0.765625 0.4359375000000002 0.765625
9 0.4390625000000001 0.6828125 0.409375 0.6828125 0.4093750000000001 0.7359375 0.4390625000000002 0.7359375
9 0.4359375 0.6515625 0.40625 0.6515625 0.40625 0.7046875 0.4359375 0.7046875
9 0.4640625 0.6078125 0.421875 0.6078125 0.421875 0.6953125 0.4640625 0.6953125
9 0.12343750000000009 0.746875 9.146580781131795e-17 0.746875 1.0007660561782278e-16 0.8875 0.12343750000000009 0.8875
3 0.37187500000000007 0.3453125 0.09531250000000005 0.3453125 0.09531250000000008 0.965625 0.37187500000000007 0.965625