1 0.6109375000000001 0.5765625 0.30937500000000007 0.5765625 0.30937500000000007 0.8953125 0.6109375000000001 0.8953125
1 0.9671875 0.5875000000000001 0.5703125 0.5875 0.5703125000000001 0.7953125000000001 0.9671875 0.7953125000000002
1 0.3125000000000001 0.596875 7.309610582410764e-17 0.596875 9.6919313088771e-17 0.9859375 0.3125000000000001 0.9859375
1 0.859375 0.4109375000000002 0.7765625 0.4109375000000002 0.7765625 0.5468750000000002 0.859375 0.5468750000000002
1 0.978125 0.4046875000000002 0.859375 0.4046875000000002 0.859375 0.5109375000000002 0.978125 0.5109375000000002
1 0.7640625 0.4375000000000001 0.634375 0.4375 0.634375 0.5250000000000001 0.7640625 0.5250000000000001
1 0.6453125 0.3937500000000001 0.49375 0.3937500000000001 0.49375 0.515625 0.6453125 0.515625
1 0.4609375 0.37343750000000003 0.30156250000000007 0.3734375 0.30156250000000007 0.5234375 0.4609375 0.5234375
1 0.3046875000000001 0.375 0.2078125000000001 0.375 0.2078125000000001 0.48125 0.3046875000000001 0.48125
1 0.2062500000000001 0.384375 0.11406250000000004 0.384375 0.11406250000000004 0.4703125 0.2062500000000001 0.4703125
1 0.10937500000000004 0.3765625 0.017187500000000043 0.3765625 0.01718750000000005 0.4546875 0.10937500000000004 0.4546875