5 0.22031250000000008 0.5875 0.05937500000000007 0.5875 0.05937500000000009 0.9421875 0.22031250000000008 0.9421875
5 0.4015625000000001 0.5953125 0.2578125000000001 0.5953125 0.2578125000000001 0.8359375 0.40156250000000016 0.8359375
5 0.6218750000000001 0.625 0.446875 0.625 0.4468750000000001 0.8421875 0.6218750000000002 0.8421875
7 1 0.6328125000000001 0.5921875 0.6328125 0.5921875000000001 0.8 1 0.8
7 0.8765625 0.29375000000000007 0.6953125 0.29375000000000007 0.6953125 0.4781250000000001 0.8765625 0.4781250000000002
2 0.8265625 0.44218750000000007 0.6875 0.4421875 0.6875 0.659375 0.8265625 0.6593750000000002
2 0.7078125 0.40625 0.59375 0.40625 0.59375 0.625 0.7078125 0.625
2 0.9390625 0.4265625000000002 0.8140625 0.4265625000000002 0.8140625 0.6484375000000002 0.9390625 0.6484375000000002
2 1 0.3390625000000001 0.896875 0.3390625000000001 0.896875 0.6609375000000002 1 0.6609375000000002
2 0.509375 0.4484375 0.3593750000000001 0.4484375 0.3593750000000001 0.7140625 0.509375 0.7140625
2 0.2484375000000001 0.384375 0.10156250000000004 0.384375 0.10156250000000007 0.6578125 0.2484375000000001 0.6578125
2 0.13437500000000008 0.41875 0.00937500000000005 0.41875 0.009375000000000069 0.7203125 0.13437500000000008 0.7203125
2 0.4046875000000001 0.465625 0.2453125000000001 0.465625 0.2453125000000001 0.8140625 0.4046875000000002 0.8140625
8 0.996875 0.6703125000000001 8.208960575534602e-17 0.6703125 1.0227714283504067e-16 1 0.996875 1