5 0.3750000000000001 0.5234375 0.3296875000000001 0.5234375 0.3296875000000001 0.653125 0.3750000000000001 0.653125
5 0.34843750000000007 0.5625 0.3062500000000001 0.5625 0.3062500000000001 0.7234375 0.34843750000000007 0.7234375
5 0.3343750000000001 0.559375 0.2562500000000001 0.559375 0.2562500000000001 0.7359375 0.3343750000000001 0.7359375
2 0.2500000000000001 0.4921875 0.2093750000000001 0.4921875 0.2093750000000001 0.6796875 0.2500000000000001 0.6796875
2 0.22812500000000008 0.471875 0.16562500000000005 0.471875 0.16562500000000008 0.7578125 0.22812500000000008 0.7578125
2 0.15312500000000007 0.453125 0.08593750000000004 0.453125 0.08593750000000007 0.7421875 0.1531250000000001 0.7421875
8 0.4515625000000001 0.6109375 7.481826538540861e-17 0.6109375 9.864147265007197e-17 1 0.4515625000000002 1
7 0.7343750000000001 0.2015625000000001 0.53125 0.2015625000000001 0.5312500000000001 1 0.7343750000000002 1
7 0.596875 0.37968750000000007 0.471875 0.37968750000000007 0.471875 0.596875 0.596875 0.596875
7 0.4640625 0.32812500000000006 0.315625 0.328125 0.31562500000000004 0.6140625 0.4640625 0.6140625
7 0.928125 0.2312500000000001 0.7796875 0.2312500000000001 0.7796875000000001 0.815625 0.928125 0.815625