10 1 0.5750000000000002 0.81875 0.5750000000000002 0.81875 1 1 1
10 0.6515625 0.3593750000000001 0.6046875 0.3593750000000001 0.6046875 0.49375 0.6515625 0.49375
10 0.6375 0.41875 0.559375 0.41875 0.559375 0.503125 0.6375 0.503125
10 0.590625 0.4296875 0.51875 0.4296875 0.51875 0.5859375 0.590625 0.5859375
10 0.46562500000000007 0.609375 0.21093750000000008 0.609375 0.21093750000000008 0.89375 0.4656250000000002 0.89375
10 0.2562500000000001 0.646875 0.1281250000000001 0.646875 0.1281250000000001 0.99375 0.2562500000000001 0.99375
10 0.1828125000000001 0.6796875 0.023437500000000083 0.6796875 0.023437500000000104 1 0.18281250000000013 1
10 0.7234375 0.3593750000000001 0.6828125 0.3593750000000001 0.6828125 0.428125 0.7234375 0.428125
10 0.7703125 0.34843750000000007 0.7296875 0.34843750000000007 0.7296875 0.42187500000000017 0.7703125 0.42187500000000017
10 0.6984375 0.5234375 0.634375 0.5234375 0.6343750000000001 0.7890625 0.6984375000000002 0.7890625
8 0.921875 0.5000000000000001 0.5734375 0.5 0.5734375 0.8578125 0.921875 0.8578125
8 0.9125 0.4046875000000001 0.6859375 0.4046875 0.6859375 0.5781250000000001 0.9125 0.5781250000000002