6 0.80625 0.7031250000000001 0.4625 0.703125 0.4625000000000001 1 0.80625 1
6 0.40312500000000007 0.6734375 0.1781250000000001 0.6734375 0.17812500000000012 1 0.4031250000000002 1
7 0.6546875000000001 0.4578125 0.53125 0.4578125 0.5312500000000001 0.9921875 0.6546875000000002 0.9921875
7 0.3187500000000001 0.4734375 0.2062500000000001 0.4734375 0.2062500000000001 0.8953125 0.3187500000000001 0.8953125
7 0.49375 0.4421875 0.409375 0.4421875 0.409375 0.684375 0.49375 0.684375
7 0.4593750000000001 0.45 0.3734375000000001 0.45 0.3734375000000001 0.7296875 0.4593750000000002 0.7296875
7 0.571875 0.4171875 0.50625 0.4171875 0.50625 0.665625 0.571875 0.665625
7 0.7734375000000001 0.4093750000000001 0.7 0.409375 0.7000000000000001 0.7453125 0.7734375000000002 0.7453125000000002
7 0.865625 0.29375000000000007 0.76875 0.29375000000000007 0.76875 0.6140625000000002 0.865625 0.6140625000000002
7 0.9109375 0.3296875000000001 0.8625 0.3296875000000001 0.8625 0.5937500000000002 0.9109375 0.5937500000000002
7 0.975 0.3140625000000001 0.9125 0.3140625000000001 0.9125 0.6000000000000002 0.975 0.6000000000000002
7 0.21093750000000008 0.4609375 0.11250000000000004 0.4609375 0.11250000000000007 0.7171875 0.21093750000000008 0.7171875
7 0.3812500000000001 0.43125 0.3187500000000001 0.43125 0.3187500000000001 0.709375 0.3812500000000001 0.709375