3 0.6515625 0.4484375 0.471875 0.4484375 0.4718750000000001 0.809375 0.6515625000000002 0.809375
9 0.415625 0.465625 0.2765625000000001 0.465625 0.2765625000000001 0.546875 0.415625 0.546875
9 0.7546875000000001 0.6093750000000001 0.66875 0.609375 0.6687500000000001 0.815625 0.7546875000000002 0.815625
9 0.846875 0.5968750000000002 0.76875 0.5968750000000002 0.76875 0.7437500000000001 0.846875 0.7437500000000001
9 0.921875 0.5703125000000002 0.8203125 0.5703125000000002 0.8203125 0.6890625000000001 0.921875 0.6890625000000001
9 0.8140625 0.49218750000000017 0.7359375 0.49218750000000017 0.7359375 0.6250000000000002 0.8140625 0.6250000000000002
9 0.759375 0.5156250000000001 0.671875 0.515625 0.671875 0.6468750000000001 0.759375 0.6468750000000002
9 0.7 0.5453125 0.634375 0.5453125 0.634375 0.6484375 0.7 0.6484375
9 0.646875 0.4640625 0.5890625 0.4640625 0.5890625 0.5828125 0.646875 0.5828125
9 0.65 0.415625 0.615625 0.415625 0.615625 0.4984375 0.65 0.4984375
9 0.7078125 0.45625 0.6453125 0.45625 0.6453125 0.5265625 0.7078125 0.5265625
9 0.75 0.4281250000000001 0.696875 0.428125 0.696875 0.55 0.75 0.5500000000000002
9 0.8328125 0.4109375000000002 0.78125 0.4109375000000002 0.78125 0.4890625000000002 0.8328125 0.4890625000000002
9 0.8765625 0.43750000000000017 0.815625 0.43750000000000017 0.815625 0.5062500000000002 0.8765625 0.5062500000000002
9 0.978125 0.44062500000000016 0.8890625 0.44062500000000016 0.8890625 0.5078125000000002 0.978125 0.5078125000000002
9 0.784375 0.3937500000000001 0.6875 0.3937500000000001 0.6875 0.4765625000000001 0.784375 0.47656250000000017
9 0.696875 0.3890625000000001 0.615625 0.3890625000000001 0.615625 0.4765625 0.696875 0.4765625
9 0.6390625 0.3531250000000001 0.5390625 0.3531250000000001 0.5390625 0.4796875 0.6390625 0.4796875
9 0.55625 0.3734375000000001 0.4890625 0.3734375000000001 0.4890625 0.4375 0.55625 0.4375
9 0.484375 0.36406250000000007 0.4359375 0.36406250000000007 0.4359375 0.45625 0.484375 0.45625
9 0.6125 0.2843750000000001 0.5140625 0.2843750000000001 0.5140625 0.4 0.6125 0.4
9 0.12968750000000004 0.4078125 0.043750000000000046 0.4078125 0.04375000000000005 0.5125 0.12968750000000004 0.5125
9 0.16250000000000003 0.428125 0.09375000000000004 0.428125 0.09375000000000006 0.521875 0.16250000000000003 0.521875
9 0.35156250000000006 0.3484375 0.3015625 0.3484375 0.30156250000000007 0.4046875 0.3515625000000001 0.4046875
9 0.4 0.28125000000000006 0.35 0.28125 0.35 0.35781250000000003 0.4 0.3578125000000001
6 0.25468750000000007 0.3984375 0.19218750000000004 0.3984375 0.19218750000000004 0.5 0.25468750000000007 0.5
6 0.859375 0.7421875000000002 0.7984375000000001 0.7421875000000002 0.7984375000000001 0.8734375 0.859375 0.8734375
6 0.9453125 0.7796875000000002 0.865625 0.7796875000000002 0.865625 0.89375 0.9453125 0.89375
6 0.9546875 0.7109375000000002 0.909375 0.7109375000000002 0.909375 0.7937500000000002 0.9546875 0.7937500000000002
6 1 0.6328125000000002 0.934375 0.6328125000000002 0.934375 0.7390625000000002 1 0.7390625000000002
6 0.9546875 0.5937500000000002 0.890625 0.5937500000000002 0.890625 0.6875000000000002 0.9546875 0.6875000000000002