8 0.6796875000000001 0.7046875 0.3687500000000001 0.7046875 0.3687500000000001 1 0.6796875000000002 1
8 0.3375 0.3234375 0.09218750000000005 0.3234375 0.09218750000000005 0.44375 0.3375000000000001 0.44375
8 0.715625 0.3078125000000001 0.4875 0.3078125000000001 0.4875 0.484375 0.715625 0.484375
10 1 0.5234375000000001 0.7 0.5234375 0.7000000000000001 0.9984375 1 0.9984375
10 0.29375000000000007 0.55625 6.812097820257152e-17 0.55625 9.529282905865343e-17 1 0.29375000000000007 1
7 0.09062500000000004 0.103125 1.262917011620708e-17 0.103125 3.4538866757202695e-17 0.4609375 0.09062500000000007 0.4609375
7 0.21250000000000005 0.13125000000000003 0.1578125 0.13125 0.15781250000000002 0.39375 0.21250000000000008 0.39375
7 0.25625000000000003 0.12187500000000004 0.196875 0.12187500000000004 0.19687500000000002 0.384375 0.2562500000000001 0.384375
7 0.35937500000000006 0.10156250000000004 0.271875 0.10156250000000004 0.27187500000000003 0.478125 0.3593750000000001 0.478125
7 0.5703125 0.09375000000000007 0.4609375 0.09375000000000007 0.4609375 0.4375 0.5703125 0.4375
7 0.609375 0.18125000000000008 0.55625 0.18125000000000008 0.55625 0.36406250000000007 0.609375 0.36406250000000007
7 0.6875 0.1531250000000001 0.6671875 0.1531250000000001 0.6671875 0.27031250000000007 0.6875 0.27031250000000007
7 0.7625 0.08906250000000009 0.69375 0.08906250000000009 0.69375 0.4828125000000001 0.7625 0.4828125000000002
7 0.8078125 0.1140625000000001 0.753125 0.1140625000000001 0.753125 0.4781250000000002 0.8078125 0.4781250000000002
7 0.8859375 0.0953125000000001 0.7984375 0.09531250000000009 0.7984375 0.49531250000000016 0.8859375 0.49531250000000016