6 0.9375 0.4984375000000001 0.66875 0.4984375 0.6687500000000001 0.89375 0.9375 0.89375
6 0.7203125 0.434375 0.5734375 0.434375 0.5734375 0.6109375 0.7203125 0.6109375
6 0.5984375000000001 0.50625 0.3765625000000001 0.50625 0.3765625000000001 0.803125 0.5984375000000002 0.803125
6 0.44375 0.4875 0.3125000000000001 0.4875 0.3125000000000001 0.696875 0.44375 0.696875
6 0.3078125000000001 0.51875 0.08750000000000006 0.51875 0.08750000000000009 0.821875 0.3078125000000001 0.821875
6 0.13906250000000006 0.4875 5.970153145843348e-17 0.4875 7.386151007357474e-17 0.71875 0.1390625000000001 0.71875
7 0.27187500000000003 0.353125 0.17343750000000005 0.353125 0.17343750000000008 0.621875 0.2718750000000001 0.621875
7 0.15000000000000008 0.396875 0.08750000000000005 0.396875 0.08750000000000005 0.5609375 0.15000000000000008 0.5609375
7 0.4140625 0.3296875 0.3375 0.3296875 0.3375 0.5796875 0.4140625 0.5796875
7 0.33906250000000004 0.3609375 0.284375 0.3609375 0.28437500000000004 0.5546875 0.3390625000000001 0.5546875
7 0.528125 0.2906250000000001 0.440625 0.2906250000000001 0.440625 0.565625 0.528125 0.565625
7 0.60625 0.3031250000000001 0.55625 0.3031250000000001 0.55625 0.48125 0.60625 0.48125
7 0.6453125 0.3265625000000001 0.609375 0.3265625000000001 0.609375 0.49375 0.6453125 0.49375
7 0.6953125 0.3046875000000001 0.6375 0.3046875000000001 0.6375 0.5203125 0.6953125 0.5203125
7 0.7640625 0.2593750000000001 0.6984375 0.2593750000000001 0.6984375 0.5093750000000001 0.7640625 0.5093750000000001
7 0.884375 0.2250000000000001 0.7515625 0.2250000000000001 0.7515625 0.6015625000000002 0.884375 0.6015625000000002