2 0.5281250000000001 0.5875 0.49375 0.5875 0.4937500000000001 0.7765625 0.5281250000000002 0.7765625
2 0.4796875000000001 0.5703125 0.446875 0.5703125 0.4468750000000001 0.7484375 0.47968750000000016 0.7484375
2 0.44218750000000007 0.5734375 0.4109375 0.5734375 0.41093750000000007 0.7734375 0.4421875000000002 0.7734375
2 0.6187500000000001 0.5515625 0.56875 0.5515625 0.5687500000000001 0.7703125 0.6187500000000001 0.7703125
5 0.6609375000000001 0.6421875 0.6265625 0.6421875 0.6265625000000001 0.7390625 0.6609375000000002 0.7390625
5 0.6796875000000001 0.671875 0.6359375 0.671875 0.6359375 0.753125 0.6796875000000002 0.753125
5 0.4125000000000001 0.621875 0.3546875000000001 0.621875 0.3546875000000001 0.76875 0.4125000000000002 0.76875
5 0.3750000000000001 0.6671875 0.3312500000000001 0.6671875 0.3312500000000001 0.74375 0.3750000000000001 0.74375
8 0.7156250000000001 0.68125 0.3046875000000001 0.68125 0.3046875000000001 0.9296875 0.7156250000000002 0.9296875
7 0.3343750000000001 0.4765625 0.24375000000000008 0.4765625 0.24375000000000008 0.7125 0.3343750000000001 0.7125
7 0.4984375 0.4078125 0.38750000000000007 0.4078125 0.38750000000000007 0.6671875 0.4984375 0.6671875
7 0.6625 0.421875 0.546875 0.421875 0.546875 0.6703125 0.6625 0.6703125
7 0.9359375 0.4828125000000002 0.7875 0.4828125000000002 0.7875000000000001 0.878125 0.9359375 0.878125
7 0.275 0.296875 0.09843750000000004 0.296875 0.09843750000000008 0.8921875 0.2750000000000001 0.8921875
7 0.10468750000000007 0.11875 1.4542680739874818e-17 0.11875 6.400693036168589e-17 0.9265625 0.10468750000000013 0.9265625