7 0.32500000000000007 0.6109375 0.2156250000000001 0.6109375 0.2156250000000001 0.975 0.32500000000000007 0.975
7 0.2093750000000001 0.5984375 0.09531250000000006 0.5984375 0.09531250000000009 0.9703125 0.2093750000000001 0.9703125
7 0.1140625000000001 0.6125 0.031250000000000076 0.6125 0.0312500000000001 0.890625 0.1140625000000001 0.890625
7 0.37187500000000007 0.5984375 0.3156250000000001 0.5984375 0.3156250000000001 0.8796875 0.37187500000000007 0.8796875
7 0.5203125000000001 0.6265625 0.4796875 0.6265625 0.4796875000000001 0.78125 0.5203125000000002 0.78125
7 0.7140625 0.6296875 0.68125 0.6296875 0.6812500000000001 0.7453125 0.7140625000000002 0.7453125
7 0.8875 0.6296875000000002 0.8203125 0.6296875000000002 0.8203125 0.8671875 0.8875 0.8671875
7 1 0.6359375000000002 0.953125 0.6359375000000002 0.953125 0.7687500000000002 1 0.7687500000000002
6 0.7718750000000002 0.7468750000000001 0.6546875000000002 0.746875 0.6546875000000002 0.8484375 0.7718750000000002 0.8484375
6 1 0.7484375000000002 0.915625 0.7484375000000002 0.915625 0.8859375 1 0.8859375
6 0.5593750000000001 0.66875 0.53125 0.66875 0.5312500000000001 0.7578125 0.5593750000000002 0.7578125
7 0.6718750000000001 0.6703125 0.628125 0.6703125 0.628125 0.7703125 0.6718750000000002 0.7703125
7 0.5953125000000001 0.6359375 0.5546875 0.6359375 0.5546875000000001 0.734375 0.5953125000000001 0.734375
7 0.9171875 0.6515625000000002 0.884375 0.6515625000000002 0.884375 0.7656250000000002 0.9171875 0.7656250000000002
7 0.9609375 0.6562500000000002 0.93125 0.6562500000000002 0.93125 0.7671875000000001 0.9609375 0.7671875000000001
6 0.48906250000000007 0.678125 0.4421875 0.678125 0.44218750000000007 0.8046875 0.4890625000000002 0.8046875
9 0.46875 0.6421875 0.3906250000000001 0.6421875 0.3906250000000001 0.6984375 0.46875 0.6984375
9 0.3843750000000001 0.584375 0.2953125000000001 0.584375 0.2953125000000001 0.7203125 0.3843750000000001 0.7203125