8 0.9 0.6312500000000001 0.66875 0.63125 0.6687500000000001 0.98125 0.9 0.98125
8 0.4562500000000001 0.7109375 0.2218750000000001 0.7109375 0.2218750000000001 1 0.45625000000000016 1
8 0.46562500000000007 0.609375 0.3609375000000001 0.609375 0.3609375000000001 0.7359375 0.4656250000000002 0.7359375
10 0.6656250000000001 0.6171875 0.5484375 0.6171875 0.5484375000000001 0.9203125 0.6656250000000001 0.9203125
10 1 0.5890625000000002 0.946875 0.5890625000000002 0.946875 0.84375 1 0.84375
7 0.2671875000000001 0.584375 0.08125000000000007 0.584375 0.08125000000000009 0.9765625 0.2671875000000001 0.9765625
7 0.721875 0.503125 0.615625 0.503125 0.6156250000000001 0.909375 0.7218750000000002 0.909375
7 0.3765625000000001 0.4984375 0.2796875000000001 0.4984375 0.2796875000000001 0.728125 0.3765625000000001 0.728125
7 0.22812500000000008 0.5015625 0.16406250000000006 0.5015625 0.16406250000000006 0.68125 0.22812500000000008 0.68125
7 0.540625 0.5078125 0.4859375 0.5078125 0.4859375 0.68125 0.540625 0.68125
7 0.825 0.5234375000000002 0.7640625 0.5234375000000002 0.7640625 0.7109375000000002 0.825 0.7109375000000002
7 0.9015625 0.5296875000000002 0.8234375 0.5296875000000002 0.8234375 0.7265625000000002 0.9015625 0.7265625000000002
7 0.45 0.509375 0.39531250000000007 0.509375 0.39531250000000007 0.6265625 0.45 0.6265625
7 0.6109375 0.5140625 0.559375 0.5140625 0.559375 0.6359375 0.6109375 0.6359375
7 0.14843750000000006 0.5171875 0.10000000000000005 0.5171875 0.10000000000000006 0.59375 0.14843750000000008 0.59375
7 0.07500000000000007 0.55 0.015625000000000066 0.55 0.015625000000000073 0.6265625 0.07500000000000007 0.6265625