10 0.1531250000000001 0.5234375 0.026562500000000065 0.5234375 0.02656250000000009 0.91875 0.15312500000000012 0.91875
10 0.10781250000000012 0.584375 7.156529732517345e-17 0.584375 9.510147799628663e-17 0.96875 0.10781250000000013 0.96875
10 0.8484375 0.3968750000000001 0.7125 0.3968750000000001 0.7125000000000001 0.834375 0.8484375 0.834375
8 0.8296875 0.20468750000000008 0.534375 0.20468750000000008 0.534375 0.7250000000000001 0.8296875 0.7250000000000002
7 0.8171875 0.0890625000000001 0.7515625 0.08906250000000009 0.7515625 0.38750000000000007 0.8171875 0.38750000000000007
7 0.6187500000000001 0.16250000000000006 0.3609375 0.16250000000000003 0.3609375 1 0.6187500000000001 1
7 0.27031250000000007 0.09843750000000002 0.115625 0.09843750000000002 0.11562500000000005 0.646875 0.27031250000000007 0.646875
7 0.58125 0.014062500000000065 0.4484375 0.014062500000000056 0.4484375 0.2515625000000001 0.58125 0.2515625000000001
7 1 0.11406250000000011 0.8875 0.1140625000000001 0.8875 0.6531250000000002 1 0.6531250000000002
2 0.74375 0.21250000000000008 0.6859375 0.21250000000000008 0.6859375 0.3421875000000001 0.74375 0.3421875000000001
2 0.7109375 0.20312500000000008 0.6328125 0.20312500000000008 0.6328125 0.3781250000000001 0.7109375 0.3781250000000001
2 0.640625 0.16406250000000008 0.58125 0.16406250000000008 0.58125 0.34843750000000007 0.640625 0.34843750000000007
2 0.5890625 0.1671875000000001 0.565625 0.1671875000000001 0.565625 0.3234375000000001 0.5890625 0.3234375000000001