2 0.4375000000000001 0.5421875 0.3546875000000001 0.5421875 0.3546875000000001 0.8375 0.43750000000000017 0.8375
5 0.4093750000000001 0.7171875 0.2484375000000001 0.7171875 0.2484375000000001 1 0.40937500000000016 1
5 0.2328125000000001 0.709375 0.14218750000000008 0.709375 0.1421875000000001 1 0.2328125000000001 1
5 0.13906250000000012 0.7890625 9.663228649522084e-17 0.7890625 1.0887875448669438e-16 0.9890625 0.13906250000000014 0.9890625
5 0.5875000000000001 0.7078125 0.4515625 0.7078125 0.4515625000000001 1 0.5875000000000001 1
5 0.6125 0.6390625 0.5328125 0.6390625 0.5328125000000001 0.8015625 0.6125000000000002 0.8015625
5 0.4921875000000001 0.55625 0.421875 0.55625 0.4218750000000001 0.740625 0.49218750000000017 0.740625
5 0.58125 0.5046875 0.5125 0.5046875 0.5125 0.6234375 0.58125 0.6234375
5 0.6984375 0.6359375 0.6265625 0.6359375 0.6265625000000001 0.7484375 0.6984375000000002 0.7484375
7 1 0.3453125000000001 0.8078125 0.3453125000000001 0.8078125 1 1 1
7 0.26562500000000006 0.28125 3.444319122601931e-17 0.28125 6.582476545417024e-17 0.79375 0.2656250000000001 0.79375
7 0.4046875 0.27656250000000004 0.2515625 0.2765625 0.2515625 0.6609375 0.4046875 0.6609375
7 0.540625 0.3062500000000001 0.415625 0.3062500000000001 0.415625 0.565625 0.540625 0.565625
7 0.6140625 0.2843750000000001 0.51875 0.2843750000000001 0.51875 0.534375 0.6140625 0.534375
7 0.9890625 0.21250000000000008 0.6296875 0.21250000000000008 0.6296875 0.6640625000000001 0.9890625 0.6640625000000002