9 0.10781250000000006 0.434375 5.319559533796316e-17 0.434375 6.056261123908395e-17 0.5546875 0.10781250000000009 0.5546875
9 0.27031250000000007 0.4328125 0.13750000000000004 0.4328125 0.13750000000000004 0.525 0.27031250000000007 0.525
9 0.3843750000000001 0.3921875 0.3031250000000001 0.3921875 0.3031250000000001 0.475 0.3843750000000001 0.475
9 0.4890625 0.409375 0.4203125 0.409375 0.4203125 0.5078125 0.4890625 0.5078125
9 0.2734375000000001 0.3953125 0.17187500000000006 0.3953125 0.17187500000000006 0.475 0.2734375000000001 0.475
9 0.07812500000000006 0.390625 4.7837765591693485e-17 0.390625 5.2717217682046225e-17 0.4703125 0.07812500000000007 0.4703125
9 0.590625 0.409375 0.4890625 0.409375 0.4890625 0.4890625 0.590625 0.4890625
9 0.6828125 0.38750000000000007 0.6125 0.38750000000000007 0.6125 0.490625 0.6828125 0.490625
9 0.859375 0.40937500000000016 0.775 0.40937500000000016 0.775 0.46406250000000016 0.859375 0.46406250000000016
9 0.9140625 0.44843750000000016 0.8140625 0.44843750000000016 0.8140625 0.5703125000000002 0.9140625 0.5703125000000002
9 0.959375 0.4109375000000002 0.8984375 0.4109375000000002 0.8984375 0.47968750000000016 0.959375 0.47968750000000016
9 1 0.44062500000000016 0.91875 0.44062500000000016 0.91875 0.5406250000000001 1 0.5406250000000001
10 0.5953125000000001 0.55625 0.20468750000000008 0.55625 0.20468750000000008 0.784375 0.5953125000000001 0.784375
8 0.65625 0.4390625 0.2578125000000001 0.4390625 0.2578125000000001 0.634375 0.65625 0.634375