5 0.978125 0.834375 0.85 0.834375 0.85 0.9890625 0.978125 0.9890625
5 0.9359375 0.7093750000000002 0.8640625 0.7093750000000002 0.8640625 0.8375 0.9359375 0.8375
5 0.959375 0.6062500000000002 0.9 0.6062500000000002 0.9 0.7453125000000002 0.959375 0.7453125000000002
5 0.9 0.5828125000000002 0.846875 0.5828125000000002 0.846875 0.6718750000000002 0.9 0.6718750000000002
7 1 0.054687500000000125 0.9296875 0.05468750000000011 0.9296875 0.6578125000000001 1 0.6578125000000001
7 0.771875 0.16562500000000008 0.6671875 0.16562500000000008 0.6671875 0.7078125000000001 0.771875 0.7078125000000002
7 0.7234375 0.1750000000000001 0.6109375 0.1750000000000001 0.6109375 0.66875 0.7234375 0.66875
7 0.671875 0.11562500000000006 0.53125 0.11562500000000005 0.53125 0.6328125 0.671875 0.6328125
7 0.6218750000000001 0.10000000000000006 0.4453125 0.10000000000000005 0.4453125000000001 0.95 0.6218750000000002 0.95
7 0.39687500000000003 0.056250000000000036 0.2375 0.05625000000000002 0.23750000000000004 1 0.3968750000000001 1
7 0.2515625 0.017187500000000015 2.1048616860345133e-18 0.0171875 6.228477080038492e-17 1 0.2515625000000001 1
8 1 0.6234375000000001 0.6421875 0.6234375 0.6421875000000001 1 1 1