6 0.7421875000000001 0.5953125000000001 0.4625 0.5953125 0.4625000000000001 1 0.7421875000000002 1
6 0.834375 0.4718750000000001 0.6734375 0.471875 0.6734375 0.659375 0.834375 0.6593750000000002
6 0.5484375000000001 0.5109375 0.4140625 0.5109375 0.4140625000000001 0.75625 0.5484375000000001 0.75625
6 0.39531250000000007 0.540625 0.025000000000000067 0.540625 0.025000000000000095 0.9921875 0.39531250000000007 0.9921875
6 1 0.4468750000000002 0.9171875 0.4468750000000002 0.9171875 0.6703125000000002 1 0.6703125000000002
6 0.9828125 0.37968750000000007 0.8703125 0.37968750000000007 0.8703125 0.6484375000000002 0.9828125 0.6484375000000002
6 0.89375 0.4312500000000002 0.8265625 0.4312500000000002 0.8265625 0.6296875000000002 0.89375 0.6296875000000002
6 0.10156250000000007 0.54375 0.025000000000000067 0.54375 0.025000000000000085 0.778125 0.10156250000000008 0.778125
7 0.3734375000000001 0.38750000000000007 0.10625000000000004 0.3875 0.1062500000000001 1 0.3734375000000001 1
7 0.2171875000000001 0.3921875 0.15312500000000004 0.3921875 0.15312500000000007 0.546875 0.2171875000000001 0.546875
7 0.10781250000000005 0.3734375 0.05625000000000004 0.3734375 0.05625000000000006 0.5234375 0.10781250000000005 0.5234375
7 0.04218750000000006 0.4140625 0.00625000000000005 0.4140625 0.006250000000000057 0.5296875 0.042187500000000065 0.5296875
7 0.08281250000000005 0.44375 0.04218750000000006 0.44375 0.04218750000000006 0.55 0.08281250000000007 0.55
7 0.3687500000000001 0.36562500000000003 0.33281250000000007 0.365625 0.33281250000000007 0.559375 0.3687500000000001 0.559375
7 0.4109375 0.3859375000000001 0.37187500000000007 0.3859375000000001 0.37187500000000007 0.5515625 0.4109375 0.5515625
7 0.7046875000000001 0.4296875 0.5046875 0.4296875 0.5046875000000001 1 0.7046875000000001 1
7 0.5453125000000001 0.3968750000000001 0.4015625 0.3968750000000001 0.4015625000000001 0.7515625 0.5453125000000002 0.7515625
7 0.8078125 0.3656250000000001 0.753125 0.3656250000000001 0.753125 0.4750000000000002 0.8078125 0.4750000000000002
7 0.771875 0.37968750000000007 0.696875 0.37968750000000007 0.696875 0.51875 0.771875 0.5187500000000002