6 0.4578125 0.5 0.27812500000000007 0.5 0.27812500000000007 0.7125 0.4578125 0.7125
6 0.6828125 0.5328125 0.5328125 0.5328125 0.5328125 0.6703125 0.6828125 0.6703125
6 0.896875 0.5296875000000001 0.7203125 0.5296875 0.7203125 0.6343750000000001 0.896875 0.6343750000000001
7 0.6484375 0.3921875000000001 0.5859375 0.3921875000000001 0.5859375 0.5671875 0.6484375 0.5671875
7 0.3890625000000001 0.40625 0.3187500000000001 0.40625 0.3187500000000001 0.625 0.3890625000000001 0.625
7 0.4140625 0.2593750000000001 0.3640625 0.2593750000000001 0.36406250000000007 0.4265625 0.4140625 0.4265625
7 0.38281250000000006 0.27343750000000006 0.340625 0.2734375 0.34062500000000007 0.428125 0.3828125000000001 0.428125
7 0.35468750000000004 0.275 0.3109375 0.275 0.31093750000000003 0.425 0.3546875000000001 0.425
7 0.3109375 0.10625000000000004 0.2578125 0.10625000000000004 0.2578125 0.271875 0.3109375 0.271875
7 0.35 0.08906250000000004 0.3046875 0.08906250000000004 0.3046875 0.2546875 0.35 0.2546875
7 0.3828125 0.11406250000000004 0.3359375 0.11406250000000004 0.3359375 0.26093750000000004 0.3828125 0.2609375000000001
7 0.4046875 0.08437500000000005 0.365625 0.08437500000000005 0.365625 0.24375000000000008 0.4046875 0.24375000000000008
7 0.4421875 0.09218750000000005 0.4046875 0.09218750000000005 0.4046875 0.2843750000000001 0.4421875 0.2843750000000001
7 0.596875 0.15937500000000007 0.534375 0.15937500000000004 0.534375 0.3156250000000001 0.596875 0.3156250000000001
7 0.5453125 0.18593750000000006 0.503125 0.18593750000000003 0.503125 0.4 0.5453125 0.4