5 0.6343750000000001 0.621875 0.559375 0.621875 0.5593750000000001 0.846875 0.6343750000000001 0.846875
5 0.709375 0.3312500000000001 0.6671875 0.3312500000000001 0.6671875 0.44375 0.709375 0.44375
5 0.35625000000000007 0.484375 0.2968750000000001 0.484375 0.2968750000000001 0.6328125 0.35625000000000007 0.6328125
7 0.815625 0.2093750000000001 0.684375 0.2093750000000001 0.6843750000000001 0.753125 0.815625 0.7531250000000002
7 0.27187500000000003 0.3109375 0.06250000000000004 0.3109375 0.06250000000000008 0.96875 0.2718750000000001 0.96875
7 0.03906250000000006 0.2859375 3.501724441311963e-17 0.2859375 6.046693570790056e-17 0.7015625 0.03906250000000009 0.7015625
7 0.5984375 0.17812500000000006 0.4171875 0.17812500000000003 0.4171875 0.5953125 0.5984375 0.5953125
7 0.9328125 0.0625000000000001 0.796875 0.06250000000000008 0.796875 0.3265625000000001 0.9328125 0.3265625000000001
7 0.6890625 0.22031250000000008 0.6046875 0.22031250000000008 0.6046875 0.3343750000000001 0.6890625 0.3343750000000001
7 0.4015625 0.09843750000000004 0.353125 0.09843750000000004 0.353125 0.21875000000000006 0.4015625 0.21875000000000008
7 0.3671875 0.12343750000000005 0.3109375 0.12343750000000005 0.3109375 0.2515625 0.3671875 0.2515625000000001
7 0.340625 0.14375000000000004 0.265625 0.14375000000000004 0.265625 0.26875 0.340625 0.26875
7 0.13437500000000002 0.084375 0.0546875 0.084375 0.054687500000000014 0.2578125 0.13437500000000005 0.2578125
7 0.08281250000000004 0.128125 1.5690787114075464e-17 0.128125 2.6693473200164965e-17 0.3078125 0.08281250000000004 0.3078125
8 0.7890625000000001 0.35000000000000003 0.19062500000000004 0.35 0.1906250000000001 0.984375 0.7890625000000002 0.984375