6 0.4437500000000001 0.63125 0.1593750000000001 0.63125 0.1593750000000001 1 0.4437500000000002 1
10 0.6406250000000001 0.6578125 0.509375 0.6578125 0.5093750000000001 0.8078125 0.6406250000000002 0.8078125
10 0.7453125 0.6187500000000001 0.66875 0.61875 0.6687500000000001 0.7390625000000001 0.7453125000000002 0.7390625000000002
10 0.6859375 0.6328125 0.621875 0.6328125 0.621875 0.70625 0.6859375 0.70625
10 0.6203125 0.621875 0.5546875 0.621875 0.5546875 0.665625 0.6203125 0.665625
10 0.5640625 0.615625 0.4984375 0.615625 0.4984375 0.6703125 0.5640625 0.6703125
10 0.675 0.6109375 0.621875 0.6109375 0.621875 0.653125 0.675 0.653125
10 0.725 0.6140625 0.665625 0.6140625 0.665625 0.6328125 0.725 0.6328125
10 0.5734375 0.5484375 0.5078125 0.5484375 0.5078125 0.584375 0.5734375 0.584375
10 0.50625 0.5484375 0.459375 0.5484375 0.459375 0.5875 0.50625 0.5875
7 0.3062500000000001 0.575 0.25468750000000007 0.575 0.25468750000000007 0.6921875 0.3062500000000001 0.6921875
7 0.3312500000000001 0.5546875 0.2890625000000001 0.5546875 0.2890625000000001 0.6234375 0.3312500000000001 0.6234375
7 0.3734375000000001 0.5734375 0.3187500000000001 0.5734375 0.3187500000000001 0.625 0.3734375000000001 0.625
7 0.484375 0.534375 0.440625 0.534375 0.440625 0.6203125 0.484375 0.6203125
7 0.428125 0.5484375 0.3921875000000001 0.5484375 0.3921875000000001 0.628125 0.428125 0.628125
7 0.7046875 0.53125 0.659375 0.53125 0.659375 0.6171875 0.7046875 0.6171875
7 0.7640625 0.5656250000000002 0.7328125 0.5656250000000002 0.7328125 0.6390625000000002 0.7640625 0.6390625000000002
7 0.7953125 0.5515625000000002 0.771875 0.5515625000000002 0.771875 0.6312500000000002 0.7953125 0.6312500000000002
7 0.8328125 0.5609375000000002 0.8125 0.5609375000000002 0.8125 0.6140625000000002 0.8328125 0.6140625000000002
9 0.996875 0.5234375000000002 0.9390625 0.5234375000000002 0.9390625 0.5937500000000002 0.996875 0.5937500000000002
6 0.04687500000000008 0.58125 0.003125000000000071 0.58125 0.003125000000000087 0.8375 0.0468750000000001 0.8375
8 0.6828125 0.640625 0.5359375 0.640625 0.5359375000000001 0.7515625 0.6828125000000002 0.7515625