2 0.3968750000000001 0.4703125 0.3234375000000001 0.4703125 0.3234375000000001 0.7328125 0.3968750000000001 0.7328125
5 0.6968750000000001 0.58125 0.640625 0.58125 0.6406250000000001 0.7546875 0.6968750000000001 0.7546875
5 0.5875000000000001 0.6703125 0.5171875 0.6703125 0.5171875000000001 0.80625 0.5875000000000001 0.80625
5 0.6203125 0.7140625 0.546875 0.7140625 0.5468750000000001 0.9109375 0.6203125000000002 0.9109375
5 0.4593750000000002 0.7890625 0.3375000000000001 0.7890625 0.3375000000000001 1 0.4593750000000002 1
7 1 0.4828125000000002 0.8921875 0.4828125000000002 0.8921875 1 1 1
7 0.13437500000000008 0.334375 4.0949127346489623e-17 0.334375 8.017609513167828e-17 0.975 0.13437500000000013 0.975
7 0.26093750000000004 0.33125 0.11875000000000005 0.33125 0.11875000000000006 0.7859375 0.2609375000000001 0.7859375
7 0.3765625 0.32656250000000003 0.24375 0.3265625 0.24375000000000005 0.703125 0.3765625000000001 0.703125
7 0.546875 0.29375000000000007 0.4234375 0.29375000000000007 0.4234375 0.653125 0.546875 0.653125
7 0.6765625 0.2656250000000001 0.565625 0.2656250000000001 0.565625 0.621875 0.6765625 0.621875
7 0.865625 0.24375000000000008 0.696875 0.24375000000000008 0.696875 0.7125000000000001 0.865625 0.7125000000000001