7 0.33281250000000007 0.4640625 0.2078125000000001 0.4640625 0.2078125000000001 0.9984375 0.33281250000000007 0.9984375
7 0.08437500000000009 0.4609375 5.644856339819831e-17 0.4609375 8.649068018978182e-17 0.9515625 0.08437500000000012 0.9515625
7 0.4062500000000001 0.5078125 0.31718750000000007 0.5078125 0.31718750000000007 0.9484375 0.40625000000000017 0.9484375
7 0.4562500000000001 0.5484375 0.3765625000000001 0.5484375 0.3765625000000001 0.9171875 0.45625000000000016 0.9171875
7 0.5046875000000001 0.534375 0.4484375 0.534375 0.4484375000000001 0.8265625 0.5046875000000002 0.8265625
7 0.5734375 0.4609375 0.4875 0.4609375 0.4875000000000001 0.8 0.5734375000000002 0.8
7 0.70625 0.5078125 0.6359375 0.5078125 0.6359375 0.7953125 0.7062500000000002 0.7953125
7 0.8046875 0.5671875000000002 0.7484375 0.5671875000000002 0.7484375000000001 0.8640625 0.8046875 0.8640625
7 0.7640625000000001 0.5437500000000001 0.7203125 0.54375 0.7203125000000001 0.815625 0.7640625000000002 0.815625
7 0.9453125 0.5718750000000001 0.8796875 0.5718750000000001 0.8796875 0.846875 0.9453125 0.846875
7 0.9 0.5546875000000002 0.840625 0.5546875000000002 0.840625 0.815625 0.9 0.815625
7 0.846875 0.5453125000000002 0.8046875 0.5453125000000002 0.8046875 0.8640625 0.846875 0.8640625