6 0.4562500000000001 0.4875 0.22031250000000008 0.4875 0.22031250000000008 0.7734375 0.45625000000000016 0.7734375
6 0.58125 0.5078125 0.3937500000000001 0.5078125 0.3937500000000001 0.76875 0.5812500000000002 0.76875
6 0.7718750000000001 0.5375000000000001 0.515625 0.5375 0.5156250000000001 0.803125 0.7718750000000002 0.803125
6 0.909375 0.5078125000000001 0.7015625 0.5078125 0.7015625000000001 0.7468750000000001 0.909375 0.7468750000000002
7 0.18437500000000004 0.40625 0.12656250000000005 0.40625 0.12656250000000005 0.5421875 0.18437500000000004 0.5421875
7 0.12968750000000007 0.453125 0.06406250000000005 0.453125 0.06406250000000006 0.721875 0.1296875000000001 0.721875
7 0.4078125000000001 0.44375 0.3125000000000001 0.44375 0.3125000000000001 0.7359375 0.4078125000000002 0.7359375
7 0.534375 0.40625 0.4453125 0.40625 0.4453125000000001 0.7390625 0.5343750000000002 0.7390625
7 0.634375 0.4015625 0.5875 0.4015625 0.5875 0.5546875 0.634375 0.5546875
7 0.6968750000000001 0.4171875 0.61875 0.4171875 0.6187500000000001 0.7375 0.6968750000000001 0.7375
7 0.85 0.41718750000000016 0.7859375 0.41718750000000016 0.7859375 0.6671875000000002 0.85 0.6671875000000002
7 0.9390625 0.4359375000000002 0.8875 0.4359375000000002 0.8875 0.5812500000000002 0.9390625 0.5812500000000002
7 0.9046875 0.42968750000000017 0.8515625 0.42968750000000017 0.8515625 0.5625000000000002 0.9046875 0.5625000000000002
7 0.73125 0.4062500000000001 0.66875 0.40625 0.66875 0.5125000000000001 0.73125 0.5125000000000002
7 0.08437500000000007 0.4609375 0.020312500000000056 0.4609375 0.020312500000000074 0.7125 0.08437500000000009 0.7125