3 0.8421875 0.48125000000000007 0.4109375 0.48125 0.41093750000000007 0.8984375 0.8421875 0.8984375
3 0.3968750000000001 0.6 0.29375000000000007 0.6 0.29375000000000007 0.79375 0.3968750000000001 0.79375
7 0.8734375 0.6828125000000002 0.8421875 0.6828125000000002 0.8421875 0.8125 0.8734375 0.8125
7 0.12031250000000009 0.690625 0.03906250000000009 0.690625 0.0390625000000001 0.8484375 0.12031250000000009 0.8484375
7 0.1515625000000001 0.69375 0.11093750000000009 0.69375 0.11093750000000009 0.8640625 0.1515625000000001 0.8640625
7 0.2390625000000001 0.6703125 0.1843750000000001 0.6703125 0.1843750000000001 0.7921875 0.2390625000000001 0.7921875
7 0.9171875 0.7015625000000002 0.8828125 0.7015625000000002 0.8828125 0.8 0.9171875 0.8
7 0.953125 0.6984375000000002 0.9125 0.6984375000000002 0.9125 0.828125 0.953125 0.828125
7 0.971875 0.6343750000000001 0.9421875 0.6343750000000001 0.9421875 0.7703125000000002 0.971875 0.7703125000000002
7 1 0.6484375000000002 0.96875 0.6484375000000002 0.96875 0.7812500000000002 1 0.7812500000000002
7 0.71875 0.5828125 0.65 0.5828125 0.65 0.7125 0.71875 0.7125
6 0.1265625000000001 0.834375 1.0218146730385728e-16 0.834375 1.123230736092963e-16 1 0.12656250000000013 1