5 1 0.6984375000000002 0.859375 0.6984375000000002 0.859375 0.940625 1 0.940625
5 0.8265625 0.5843750000000001 0.6953125 0.584375 0.6953125000000001 0.7609375 0.8265625 0.7609375000000002
5 0.6343750000000001 0.5671875 0.4609375 0.5671875 0.4609375000000001 0.75625 0.6343750000000001 0.75625
5 0.7437500000000001 0.58125 0.603125 0.58125 0.6031250000000001 0.7343750000000001 0.7437500000000001 0.7343750000000002
5 0.928125 0.5265625000000002 0.83125 0.5265625000000002 0.83125 0.6750000000000002 0.928125 0.6750000000000002
7 0.25000000000000006 0.0031250000000000167 0.0265625 0.0031250000000000028 0.026562500000000044 0.6984375 0.2500000000000001 0.6984375
7 0.4890625 0.26562500000000006 0.2890625 0.265625 0.28906250000000006 0.4984375 0.4890625 0.4984375
7 0.678125 0.3312500000000001 0.4984375 0.3312500000000001 0.4984375 0.515625 0.678125 0.515625
7 0.9453125 0.2875000000000001 0.6828125 0.2875000000000001 0.6828125 0.5531250000000001 0.9453125 0.5531250000000002
2 0.55 0.403125 0.4078125 0.403125 0.4078125 0.6484375 0.55 0.6484375
2 0.740625 0.3812500000000001 0.58125 0.3812500000000001 0.58125 0.6421875000000001 0.740625 0.6421875000000001