4 0.45781250000000007 0.5671875 0.1937500000000001 0.5671875 0.1937500000000001 0.8734375 0.4578125000000002 0.8734375
4 0.3968750000000001 0.54375 0.048437500000000064 0.54375 0.048437500000000085 0.8234375 0.3968750000000001 0.8234375
4 0.7359375 0.5078125000000001 0.6203125 0.5078125 0.6203125 0.6812500000000001 0.7359375 0.6812500000000001
4 1 0.4078125000000002 0.8125 0.4078125000000002 0.8125 0.8046875 1 0.8046875
4 0.9875 0.44062500000000016 0.85 0.44062500000000016 0.85 0.5781250000000002 0.9875 0.5781250000000002
4 0.7765625 0.34062500000000007 0.703125 0.34062500000000007 0.703125 0.4593750000000001 0.7765625 0.4593750000000002
4 0.5765625 0.34843750000000007 0.509375 0.34843750000000007 0.509375 0.45625 0.5765625 0.45625
4 0.5078125 0.2218750000000001 0.446875 0.2218750000000001 0.446875 0.3281250000000001 0.5078125 0.3281250000000001
4 0.2734375 0.13125000000000003 0.203125 0.13125000000000003 0.203125 0.26875 0.2734375 0.26875
4 0.13593750000000002 0.1046875 0.08593750000000003 0.1046875 0.08593750000000003 0.2390625 0.13593750000000004 0.2390625
4 0.05156250000000003 0.1484375 0.003125000000000018 0.1484375 0.003125000000000028 0.3078125 0.051562500000000046 0.3078125
4 0.946875 0.2968750000000001 0.86875 0.2968750000000001 0.86875 0.3906250000000001 0.946875 0.3906250000000001
4 0.36406250000000007 0.33437500000000003 0.2921875 0.334375 0.29218750000000004 0.403125 0.36406250000000007 0.403125