7 0.7828125 0.2406250000000001 0.665625 0.2406250000000001 0.665625 0.721875 0.7828125 0.7218750000000002
7 0.5921875 0.2906250000000001 0.503125 0.2906250000000001 0.503125 0.68125 0.5921875 0.68125
7 0.6734375 0.3000000000000001 0.609375 0.3000000000000001 0.609375 0.559375 0.6734375 0.559375
9 0.25468750000000007 0.3203125 0.07187500000000005 0.3203125 0.07187500000000005 0.54375 0.25468750000000007 0.54375
9 0.039062500000000056 0.3359375 4.11404784088564e-17 0.3359375 5.1186409183112037e-17 0.5 0.03906250000000007 0.5
9 0.26093750000000004 0.3046875 0.19531250000000006 0.3046875 0.19531250000000006 0.434375 0.2609375000000001 0.434375
9 0.30937500000000007 0.315625 0.25 0.315625 0.25000000000000006 0.421875 0.30937500000000007 0.421875
9 0.38125000000000003 0.30937500000000007 0.296875 0.309375 0.29687500000000006 0.4171875 0.3812500000000001 0.4171875
9 0.11562500000000005 0.3109375 0.03437500000000003 0.3109375 0.03437500000000005 0.5109375 0.11562500000000005 0.5109375
3 0.5921875 0.2531250000000001 0.496875 0.2531250000000001 0.496875 0.415625 0.5921875 0.415625
0 0.89375 0.3656250000000001 0.803125 0.3656250000000001 0.803125 0.6156250000000002 0.89375 0.6156250000000002
0 0.9984375 0.4578125000000002 0.903125 0.4578125000000002 0.903125 0.7140625000000002 0.9984375 0.7140625000000002
0 1 0.4500000000000002 0.8546875 0.4500000000000002 0.8546875 0.6328125000000002 1 0.6328125000000002