5 0.42968750000000017 0.7796875 0.3531250000000001 0.7796875 0.3531250000000001 0.9578125 0.42968750000000017 0.9578125
5 0.5375000000000002 0.759375 0.4625000000000002 0.759375 0.4625000000000002 0.9296875 0.5375000000000002 0.9296875
8 0.5343750000000002 0.8875 0.2656250000000001 0.8875 0.2656250000000001 1 0.5343750000000002 1
7 0.19687500000000008 0.3125 3.827021247335479e-17 0.3125 7.558366963487571e-17 0.921875 0.19687500000000013 0.921875
7 0.04531250000000002 0.09375 1.1481063742006437e-17 0.09375 2.2196723234545774e-17 0.26875 0.04531250000000003 0.26875
7 0.2484375000000001 0.434375 0.17343750000000005 0.434375 0.17343750000000008 0.6140625 0.2484375000000001 0.6140625
7 0.3156250000000001 0.5765625 0.2000000000000001 0.5765625 0.2000000000000001 0.8578125 0.3156250000000001 0.8578125
7 0.5125 0.30937500000000007 0.2859375 0.309375 0.28593750000000007 0.6921875 0.5125 0.6921875
7 0.8515625 0.2750000000000001 0.609375 0.2750000000000001 0.6093750000000001 0.978125 0.8515625 0.978125
7 0.5484375 6.218909526920153e-17 0.4671875 5.72139676476654e-17 0.4671875 0.12812500000000007 0.5484375 0.1281250000000001
7 0.4375 5.0516680464828325e-17 0.3875 4.7455063466959936e-17 0.3875 0.17031250000000003 0.4375 0.17031250000000003
7 0.3671875 0.026562500000000037 0.30625 0.026562500000000034 0.30625 0.20468750000000005 0.3671875 0.20468750000000008
7 0.2796875 0.07031250000000003 0.2234375 0.07031250000000003 0.2234375 0.203125 0.2796875 0.203125