5 0.7593750000000001 0.5046875000000001 0.521875 0.5046875 0.5218750000000001 1 0.7593750000000001 1
5 0.5093750000000001 0.36562500000000003 0.3218750000000001 0.365625 0.3218750000000001 0.8625 0.5093750000000001 0.8625
5 0.3031250000000001 0.4765625 0.0015625000000000582 0.4765625 0.0015625000000000788 0.809375 0.3031250000000001 0.809375
5 0.38125000000000003 0.2671875 0.2078125 0.2671875 0.20781250000000004 0.5296875 0.3812500000000001 0.5296875
5 0.21250000000000005 0.3046875 0.010937500000000036 0.3046875 0.01093750000000005 0.5171875 0.21250000000000008 0.5171875
5 0.590625 0.19375000000000006 0.4546875 0.19375000000000003 0.4546875 0.590625 0.590625 0.590625
5 0.79375 0.2078125000000001 0.6234375 0.2078125000000001 0.6234375 0.5562500000000001 0.79375 0.5562500000000001
5 0.8734375 0.13281250000000008 0.7296875 0.13281250000000008 0.7296875 0.40625000000000017 0.8734375 0.40625000000000017
5 1 0.3281250000000001 0.83125 0.3281250000000001 0.83125 0.9078125 1 0.9078125
5 1 0.7171875000000002 0.915625 0.7171875000000002 0.915625 1 1 1
2 0.434375 4.63069570927593e-17 0.321875 3.941831884755543e-17 0.321875 0.28125000000000006 0.434375 0.2812500000000001
2 0.39375 0.06093750000000005 0.2796875 0.06093750000000005 0.2796875 0.34062500000000007 0.39375 0.34062500000000007
2 0.26250000000000007 0.043750000000000025 0.1375 0.043750000000000025 0.1375 0.4171875 0.26250000000000007 0.4171875