7 0.38593750000000004 0.08593750000000004 0.2765625 0.08593750000000004 0.27656250000000004 0.825 0.3859375000000001 0.825
7 0.13593750000000004 0.2671875 0.07500000000000002 0.2671875 0.07500000000000004 0.475 0.13593750000000004 0.475
7 0.07656250000000005 0.225 0.03906250000000002 0.225 0.03906250000000004 0.4859375 0.07656250000000006 0.4859375
9 0.65 0.2390625000000001 0.5203125 0.2390625000000001 0.5203125 0.4625 0.65 0.4625
9 0.46875 0.22968750000000004 0.3375 0.2296875 0.3375 0.4625 0.46875 0.4625
9 0.496875 0.2250000000000001 0.4375 0.2250000000000001 0.4375 0.3734375000000001 0.496875 0.3734375000000001
9 0.815625 0.2234375000000001 0.709375 0.2234375000000001 0.709375 0.4312500000000001 0.815625 0.4312500000000002
9 0.7359375 0.2000000000000001 0.6390625 0.2000000000000001 0.6390625 0.4359375000000001 0.7359375 0.4359375000000002
9 0.2484375 0.19375000000000003 0.19218750000000004 0.19375000000000003 0.19218750000000004 0.3234375 0.2484375 0.3234375
3 0.7703125 0.11562500000000006 0.465625 0.11562500000000005 0.465625 0.30937500000000007 0.7703125 0.30937500000000007
3 1 0.06250000000000011 0.79375 0.06250000000000008 0.79375 0.44062500000000016 1 0.44062500000000016
9 1 0.4031250000000002 0.8625 0.4031250000000002 0.8625 0.7921875000000002 1 0.7921875000000002