10 0.4281250000000001 0.44375 0.2296875000000001 0.44375 0.2296875000000001 1 0.4281250000000002 1
10 0.14218750000000008 0.459375 0.006250000000000056 0.459375 0.006250000000000079 0.8328125 0.14218750000000008 0.8328125
10 0.2562500000000001 0.4484375 0.12500000000000006 0.4484375 0.12500000000000006 0.846875 0.2562500000000001 0.846875
10 0.8046875 0.4328125000000001 0.640625 0.4328125 0.6406250000000001 0.9671875 0.8046875 0.9671875
10 0.8671875 0.45312500000000017 0.75625 0.45312500000000017 0.7562500000000001 0.84375 0.8671875 0.84375
10 1 0.4546875000000002 0.8796875 0.4546875000000002 0.8796875 0.8734375 1 0.8734375
8 0.6796875000000001 0.4578125 0.3812500000000001 0.4578125 0.3812500000000001 1 0.6796875000000002 1
1 0.9296875 0.2406250000000001 0.875 0.2406250000000001 0.875 0.4031250000000002 0.9296875 0.4031250000000002
1 0.7921875 0.3531250000000001 0.746875 0.3531250000000001 0.746875 0.4828125000000002 0.7921875 0.4828125000000002
5 0.4359375 0.3921875000000001 0.3656250000000001 0.3921875000000001 0.3656250000000001 0.51875 0.4359375 0.51875
5 0.571875 0.3734375000000001 0.5234375 0.3734375000000001 0.5234375 0.51875 0.571875 0.51875
5 0.09687500000000006 0.425 0.037500000000000054 0.425 0.03750000000000006 0.5171875 0.09687500000000007 0.5171875
5 0.19375000000000003 0.43125 0.16250000000000003 0.43125 0.16250000000000003 0.5109375 0.19375000000000003 0.5109375
5 0.15781250000000005 0.4125 0.12187500000000004 0.4125 0.12187500000000004 0.51875 0.15781250000000005 0.51875