7 1 0.32500000000000007 0.815625 0.32500000000000007 0.815625 0.8828125 1 0.8828125
2 0.19062500000000002 0.16562500000000002 0.14375 0.165625 0.14375000000000002 0.4078125 0.19062500000000004 0.4078125
2 0.26250000000000007 0.2125 0.209375 0.2125 0.20937500000000003 0.3703125 0.26250000000000007 0.3703125
2 0.30781250000000004 0.2171875 0.259375 0.2171875 0.259375 0.3875 0.3078125000000001 0.3875
2 0.33593750000000006 0.21875 0.2984375 0.21875 0.2984375 0.4 0.3359375000000001 0.4
2 0.38281250000000006 0.22500000000000003 0.334375 0.225 0.33437500000000003 0.39531250000000007 0.3828125000000001 0.39531250000000007
2 0.16093750000000004 0.190625 0.10468750000000004 0.190625 0.10468750000000004 0.3515625 0.16093750000000004 0.3515625
2 0.031250000000000035 0.1953125 2.3918882795846743e-17 0.1953125 3.473021781956947e-17 0.371875 0.03125000000000004 0.371875
2 0.37187500000000007 0.4046875 0.3218750000000001 0.4046875 0.3218750000000001 0.58125 0.37187500000000007 0.58125
2 0.34062500000000007 0.4 0.2750000000000001 0.4 0.2750000000000001 0.596875 0.34062500000000007 0.596875
2 0.3031250000000001 0.3953125 0.24218750000000008 0.3953125 0.24218750000000008 0.6078125 0.3031250000000001 0.6078125
2 0.2500000000000001 0.4140625 0.19687500000000005 0.4140625 0.19687500000000008 0.603125 0.2500000000000001 0.603125
2 0.15312500000000007 0.41875 0.10781250000000005 0.41875 0.10781250000000006 0.6078125 0.1531250000000001 0.6078125
2 0.11406250000000007 0.4203125 0.06093750000000005 0.4203125 0.060937500000000054 0.56875 0.1140625000000001 0.56875