7 0.12031250000000007 0.284375 3.482589335075286e-17 0.284375 6.936476010795555e-17 0.8484375 0.12031250000000009 0.8484375
7 0.3000000000000001 0.3703125 0.18281250000000004 0.3703125 0.18281250000000007 0.7328125 0.3000000000000001 0.7328125
7 0.3531250000000001 0.384375 0.2468750000000001 0.384375 0.2468750000000001 0.71875 0.3531250000000001 0.71875
7 0.18906250000000008 0.4171875 0.09687500000000004 0.4171875 0.09687500000000007 0.7109375 0.18906250000000008 0.7109375
7 0.534375 0.3593750000000001 0.415625 0.3593750000000001 0.415625 0.70625 0.534375 0.70625
7 0.6390625 0.2953125000000001 0.534375 0.2953125000000001 0.534375 0.709375 0.6390625 0.709375
7 0.6953125 0.3750000000000001 0.5953125 0.3750000000000001 0.5953125 0.675 0.6953125 0.675
7 0.8609375 0.2875000000000001 0.7171875 0.2875000000000001 0.7171875000000001 0.7421875000000001 0.8609375 0.7421875000000002
10 0.8515625 0.7078125000000001 0.565625 0.7078125 0.565625 1 0.8515625 1
10 0.5421875 0.6796875 0.2656250000000001 0.6796875 0.2656250000000001 0.99375 0.5421875000000002 0.99375
8 0.940625 0.58125 0.10312500000000009 0.58125 0.1031250000000001 1 0.940625 1