7 0.5640625000000001 0.4984375 0.484375 0.4984375 0.4843750000000001 0.7453125 0.5640625000000001 0.7453125
7 0.44218750000000007 0.5109375 0.4 0.5109375 0.4000000000000001 0.75 0.4421875000000002 0.75
7 0.2640625000000001 0.4921875 0.17343750000000005 0.4921875 0.17343750000000008 0.809375 0.2640625000000001 0.809375
7 0.15625000000000006 0.490625 0.09062500000000007 0.490625 0.09062500000000008 0.7203125 0.15625000000000008 0.7203125
7 0.08906250000000009 0.4625 5.663991446056509e-17 0.4625 8.381176531664698e-17 0.90625 0.08906250000000011 0.90625
7 0.90625 0.46406250000000016 0.840625 0.46406250000000016 0.840625 0.7218750000000002 0.90625 0.7218750000000002
0 0.99375 0.7390625000000002 0.7281250000000001 0.7390625000000002 0.7281250000000001 1 0.99375 1
0 0.6234375000000001 0.675 0.4703125 0.675 0.4703125000000001 0.9390625 0.6234375000000002 0.9390625
0 0.4515625000000001 0.6859375 0.3218750000000001 0.6859375 0.3218750000000001 0.8625 0.4515625000000002 0.8625
3 0.7140625 0.44375 0.3312500000000001 0.44375 0.3312500000000001 0.7421875 0.7140625000000002 0.7421875
9 1 0.5203125000000002 0.9015625 0.5203125000000002 0.9015625 0.86875 1 0.86875
9 0.8390625 0.5640625000000001 0.70625 0.5640625 0.70625 0.7187500000000001 0.8390625 0.7187500000000002
9 0.3359375000000001 0.578125 0.2765625000000001 0.578125 0.2765625000000001 0.6453125 0.3359375000000001 0.6453125