7 0.903125 0.2390625000000001 0.53125 0.2390625000000001 0.5312500000000001 1 0.903125 1
7 0.30781250000000004 0.340625 0.2046875 0.340625 0.20468750000000005 0.6 0.3078125000000001 0.6
7 0.17500000000000007 0.3859375 0.06718750000000004 0.3859375 0.06718750000000005 0.6078125 0.1750000000000001 0.6078125
7 0.409375 0.32812500000000006 0.3328125 0.328125 0.33281250000000007 0.5265625 0.409375 0.5265625
7 0.4390625 0.4171875 0.3671875000000001 0.4171875 0.3671875000000001 0.615625 0.4390625 0.615625
7 0.509375 0.3156250000000001 0.4375 0.3156250000000001 0.4375 0.528125 0.509375 0.528125
7 1 0.4421875000000002 0.9171875 0.4421875000000002 0.9171875 0.6125000000000002 1 0.6125000000000002
7 0.91875 0.4234375000000002 0.8671875 0.4234375000000002 0.8671875 0.5812500000000002 0.91875 0.5812500000000002
7 0.07500000000000007 0.40625 4.975127621536122e-17 0.40625 6.926908457677216e-17 0.725 0.0750000000000001 0.725
5 0.6140625 0.4984375 0.5640625 0.4984375 0.5640625 0.61875 0.6140625 0.61875
5 0.5875 0.4921875 0.5390625 0.4921875 0.5390625 0.603125 0.5875 0.603125
5 0.571875 0.5375 0.5171875 0.5375 0.5171875 0.6421875 0.571875 0.6421875