10 0.9203125 0.6078125000000001 0.70625 0.6078125 0.70625 0.7828125000000001 0.9203125 0.7828125000000001
10 0.8140625 0.5578125 0.70625 0.5578125 0.70625 0.6718750000000001 0.8140625 0.6718750000000002
10 0.3375000000000001 0.71875 0.24375000000000008 0.71875 0.24375000000000008 0.934375 0.3375000000000001 0.934375
10 0.26250000000000007 0.8390625 0.1359375000000001 0.8390625 0.1359375000000001 1 0.26250000000000007 1
10 0.546875 0.5921875 0.4953125 0.5921875 0.4953125 0.70625 0.546875 0.70625
10 0.4953125000000001 0.609375 0.409375 0.609375 0.4093750000000001 0.7609375 0.49531250000000016 0.7609375
7 0.4375000000000001 0.546875 0.2250000000000001 0.546875 0.2250000000000001 0.834375 0.43750000000000017 0.834375
7 0.590625 0.45625 0.515625 0.45625 0.515625 0.55625 0.590625 0.55625
7 0.5203125 0.521875 0.453125 0.521875 0.453125 0.609375 0.5203125 0.609375
7 0.3937500000000001 0.5203125 0.3390625000000001 0.5203125 0.3390625000000001 0.6140625 0.3937500000000001 0.6140625
7 0.7078125 0.4828125 0.65625 0.4828125 0.65625 0.553125 0.7078125 0.553125
7 0.659375 0.4515625 0.5890625 0.4515625 0.5890625 0.5546875 0.659375 0.5546875
8 0.2390625000000001 0.7109375 8.706473337688214e-17 0.7109375 9.672796202640423e-17 0.86875 0.2390625000000001 0.86875
8 0.19218750000000012 0.8078125 9.892849924362213e-17 0.8078125 1.0954848320497809e-16 0.98125 0.19218750000000012 0.98125
9 0.425 0.4328125 0.18906250000000005 0.4328125 0.18906250000000008 0.60625 0.425 0.60625
9 0.2609375000000001 0.4328125 0.05312500000000005 0.4328125 0.053125000000000054 0.621875 0.2609375000000001 0.621875