2 0.51875 0.2953125000000001 0.459375 0.2953125000000001 0.459375 0.6125 0.51875 0.6125
5 0.840625 0.5390625000000001 0.7015625 0.5390625 0.7015625 0.7109375000000001 0.840625 0.7109375000000002
5 0.2718750000000001 0.6359375 0.0984375000000001 0.6359375 0.0984375000000001 0.8703125 0.2718750000000001 0.8703125
5 0.36406250000000007 0.5515625 0.2875000000000001 0.5515625 0.2875000000000001 0.709375 0.36406250000000007 0.709375
5 0.4890625 0.490625 0.3843750000000001 0.490625 0.3843750000000001 0.6265625 0.4890625 0.6265625
5 0.6703125 0.5265625 0.6078125 0.5265625 0.6078125 0.65625 0.6703125 0.65625
5 0.621875 0.478125 0.5609375 0.478125 0.5609375 0.5890625 0.621875 0.5890625
7 1 0.1328125000000001 0.825 0.13281250000000008 0.825 0.7406250000000002 1 0.7406250000000002
7 0.20781250000000004 0.054687500000000014 6.6972871828370884e-18 0.0546875 4.4393446469091554e-17 0.6703125 0.2078125000000001 0.6703125
7 0.27968750000000003 0.2421875 0.17968750000000006 0.2421875 0.17968750000000006 0.5390625 0.2796875000000001 0.5390625
7 0.38750000000000007 0.37187500000000007 0.29375000000000007 0.371875 0.29375000000000007 0.5671875 0.38750000000000007 0.5671875
7 0.4421875 0.29375000000000007 0.34375 0.29375 0.34375000000000006 0.4984375 0.4421875 0.4984375
7 0.7078125 0.3546875000000001 0.6140625 0.3546875000000001 0.6140625 0.55 0.7078125 0.55