7 0.4734375 0.34375000000000006 0.34375 0.34375 0.34375000000000006 0.6171875 0.4734375 0.6171875
7 0.30468750000000006 0.3390625 0.16093750000000004 0.3390625 0.16093750000000007 0.6046875 0.3046875000000001 0.6046875
7 0.934375 0.0906250000000001 0.803125 0.0906250000000001 0.803125 0.3968750000000001 0.934375 0.3968750000000001
7 0.928125 0.37968750000000007 0.83125 0.37968750000000007 0.83125 0.5984375000000002 0.928125 0.5984375000000002
7 0.99375 0.4500000000000002 0.815625 0.4500000000000002 0.815625 1 0.99375 1
7 0.8375 0.2531250000000001 0.6875 0.2531250000000001 0.6875 0.5765625000000001 0.8375 0.5765625000000002
7 0.6796875 0.2921875000000001 0.54375 0.2921875000000001 0.54375 0.603125 0.6796875 0.603125
8 0.6515625 0.65625 0.14843750000000008 0.65625 0.1484375000000001 1 0.6515625000000002 1
8 0.9984375 0.5671875000000001 0.4921875 0.5671875 0.4921875000000001 1 0.9984375 1
2 0.834375 0.6328125000000002 0.75625 0.6328125000000002 0.7562500000000001 0.9078125 0.834375 0.9078125
2 0.36406250000000007 0.575 0.2953125000000001 0.575 0.2953125000000001 0.778125 0.36406250000000007 0.778125
5 0.7875 0.596875 0.71875 0.596875 0.71875 0.6453125000000001 0.7875 0.6453125000000002
5 0.46875000000000017 0.784375 0.4203125000000002 0.784375 0.4203125000000002 0.953125 0.46875000000000017 0.953125
5 0.2875000000000001 0.5890625 0.2453125000000001 0.5890625 0.2453125000000001 0.7359375 0.2875000000000001 0.7359375
5 0.41875 0.61875 0.3671875000000001 0.61875 0.3671875000000001 0.7203125 0.41875 0.7203125
5 0.6515625 0.565625 0.60625 0.565625 0.60625 0.6625 0.6515625 0.6625
5 0.625 0.6328125 0.5546875 0.6328125 0.5546875 0.70625 0.625 0.70625