7 0.384375 0.28750000000000003 0.2671875 0.2875 0.2671875 0.6265625 0.3843750000000001 0.6265625
7 0.5765625 0.3687500000000001 0.5140625 0.3687500000000001 0.5140625 0.565625 0.5765625 0.565625
7 0.5125 0.3390625000000001 0.4609375 0.3390625000000001 0.4609375 0.5015625 0.5125 0.5015625
7 0.4703125 0.3203125000000001 0.4109375 0.3203125000000001 0.4109375 0.55 0.4703125 0.55
7 0.22031250000000005 0.3625 0.15156250000000004 0.3625 0.15156250000000004 0.5203125 0.22031250000000008 0.5203125
7 0.09843750000000005 0.3046875 0.0031250000000000375 0.3046875 0.003125000000000054 0.5828125 0.09843750000000007 0.5828125
7 0.7125 0.3390625000000001 0.6828125 0.3390625000000001 0.6828125 0.453125 0.7125 0.453125
7 0.6796875 0.3281250000000001 0.6515625 0.3281250000000001 0.6515625 0.45625 0.6796875 0.45625
7 0.6234375 0.3390625000000001 0.5765625 0.3390625000000001 0.5765625 0.465625 0.6234375 0.465625
6 0.7515625 0.4234375000000001 0.6765625 0.4234375 0.6765625 0.5359375000000001 0.7515625 0.5359375000000002
6 0.678125 0.4234375 0.609375 0.4234375 0.609375 0.5375 0.678125 0.5375
6 0.621875 0.4109375 0.58125 0.4109375 0.58125 0.5453125 0.621875 0.5453125
6 0.478125 0.4640625 0.4015625 0.4640625 0.4015625 0.5546875 0.478125 0.5546875
6 0.3734375000000001 0.553125 0.2234375000000001 0.553125 0.2234375000000001 0.821875 0.3734375000000001 0.821875
6 0.22656250000000008 0.490625 0.14062500000000006 0.490625 0.14062500000000006 0.646875 0.22656250000000008 0.646875
6 0.07968750000000008 0.5328125 6.52507122670699e-17 0.5328125 7.701880260262651e-17 0.725 0.07968750000000009 0.725
6 0.5953125 0.4828125 0.4890625 0.4828125 0.4890625 0.66875 0.5953125 0.66875
9 1 0.4484375000000001 0.6171875 0.4484375 0.6171875000000001 0.9421875 1 0.9421875