7 1 0.33281250000000007 0.753125 0.33281250000000007 0.753125 1 1 1
10 0.2140625000000001 0.58125 7.11825952004399e-17 0.58125 9.682363755758761e-17 1 0.2140625000000001 1
7 0.8109375 0.40156250000000016 0.7390625 0.40156250000000016 0.7390625 0.5328125000000001 0.8109375 0.5328125000000001
7 0.63125 0.3703125000000001 0.5765625 0.3703125000000001 0.5765625 0.44375 0.63125 0.44375
7 0.5796875 0.3468750000000001 0.55625 0.3468750000000001 0.55625 0.4546875 0.5796875 0.4546875
10 0.83125 0.4921875000000001 0.725 0.4921875 0.725 0.7046875000000001 0.83125 0.7046875000000001
10 0.6875 0.5078125 0.6109375 0.5078125 0.6109375 0.696875 0.6875 0.696875
10 0.5953125000000001 0.5046875 0.4734375 0.5046875 0.47343750000000007 0.7296875 0.5953125000000001 0.7296875
10 0.39531250000000007 0.32031250000000006 0.29375 0.3203125 0.29375000000000007 0.4765625 0.39531250000000007 0.4765625
10 0.26875000000000004 0.3265625 0.12968750000000004 0.3265625 0.12968750000000007 0.5484375 0.2687500000000001 0.5484375
8 0.3781250000000001 0.471875 5.778802083476573e-17 0.471875 8.658635572096521e-17 0.9421875 0.3781250000000001 0.9421875
8 0.825 0.45781250000000007 0.3531250000000001 0.4578125 0.3531250000000001 0.7078125000000001 0.825 0.7078125000000002
7 0.80625 0.3187500000000001 0.75625 0.3187500000000001 0.75625 0.41406250000000017 0.80625 0.41406250000000017