8 1 0.6703125000000001 0.4375 0.6703125 0.4375000000000001 1 1 1
8 0.2250000000000001 0.621875 7.615772282197602e-17 0.621875 8.802148868871601e-17 0.815625 0.2250000000000001 0.815625
8 0.3312500000000001 0.5296875 0.12812500000000004 0.5296875 0.12812500000000007 0.625 0.3312500000000001 0.625
8 0.93125 0.5703125000000002 0.80625 0.5703125000000002 0.80625 0.7171875000000002 0.93125 0.7171875000000002
10 0.809375 0.5906250000000001 0.659375 0.590625 0.659375 0.7578125000000001 0.809375 0.7578125000000002
10 1 0.5953125000000001 0.884375 0.5953125000000001 0.884375 0.7406250000000002 1 0.7406250000000002
10 0.7328125 0.4906250000000001 0.63125 0.490625 0.63125 0.6828125 0.7328125 0.6828125000000002
10 0.65625 0.4609375 0.5890625 0.4609375 0.5890625 0.6390625 0.65625 0.6390625
10 0.44375 0.515625 0.3656250000000001 0.515625 0.3656250000000001 0.7234375 0.44375 0.7234375
10 0.3218750000000001 0.6015625 0.22812500000000008 0.6015625 0.22812500000000008 0.890625 0.3218750000000001 0.890625
10 0.2328125000000001 0.6625 0.0750000000000001 0.6625 0.07500000000000011 1 0.2328125000000001 1
10 0.06875000000000007 0.540625 6.620746757890377e-17 0.540625 7.826258450801053e-17 0.7375 0.06875000000000009 0.7375
10 0.15937500000000007 0.5078125 0.05468750000000007 0.5078125 0.05468750000000007 0.63125 0.1593750000000001 0.63125
7 0.33281250000000007 0.4328125 0.2984375000000001 0.4328125 0.2984375000000001 0.65 0.33281250000000007 0.65
7 0.2906250000000001 0.4171875 0.2312500000000001 0.4171875 0.2312500000000001 0.628125 0.2906250000000001 0.628125
7 0.8171875 0.4671875000000002 0.740625 0.4671875000000002 0.740625 0.6203125000000002 0.8171875 0.6203125000000002
7 0.928125 0.44531250000000017 0.8671875 0.44531250000000017 0.8671875 0.6062500000000002 0.928125 0.6062500000000002
7 0.9953125 0.4281250000000002 0.9125 0.4281250000000002 0.9125 0.6609375000000002 0.9953125 0.6609375000000002