3 0.728125 0.08750000000000005 0.184375 0.08750000000000002 0.18437500000000004 0.7171875000000001 0.728125 0.7171875000000002
3 0.21718750000000003 0.20625 0.06406250000000002 0.20625 0.06406250000000005 0.7890625 0.2171875000000001 0.7890625
7 0.65 0.44375 0.6 0.44375 0.6 0.6109375 0.65 0.6109375
7 0.6 0.428125 0.565625 0.428125 0.565625 0.6015625 0.6 0.6015625
7 0.515625 0.43125 0.4640625 0.43125 0.4640625 0.5640625 0.515625 0.5640625
7 0.40625 0.23437500000000008 0.3765625 0.23437500000000008 0.3765625 0.3359375000000001 0.40625 0.3359375000000001
7 0.53125 0.17812500000000003 0.4796875 0.17812500000000003 0.4796875 0.2906250000000001 0.53125 0.2906250000000001
7 0.6109375 0.2000000000000001 0.5609375 0.2000000000000001 0.5609375 0.3375000000000001 0.6109375 0.3375000000000001
7 0.6421875 0.2171875000000001 0.60625 0.2171875000000001 0.60625 0.30937500000000007 0.6421875 0.30937500000000007
7 0.7718750000000001 0.4156250000000001 0.7078125 0.415625 0.7078125000000001 0.7718750000000001 0.7718750000000002 0.7718750000000002
7 0.84375 0.46093750000000017 0.7734375 0.46093750000000017 0.7734375000000001 0.7593750000000001 0.84375 0.7593750000000001
7 0.8921875 0.4812500000000002 0.8375 0.4812500000000002 0.8375 0.7937500000000002 0.8921875 0.7937500000000002
7 1 0.5203125000000002 0.9640625 0.5203125000000002 0.9640625 0.7640625000000002 1 0.7640625000000002