10 0.7609375 0.6296875000000001 0.634375 0.6296875 0.6343750000000001 0.909375 0.7609375000000002 0.909375
10 0.909375 0.6312500000000002 0.7796875 0.6312500000000002 0.7796875000000001 0.9203125 0.909375 0.9203125
10 0.9171875 0.6015625000000002 0.8125 0.6015625000000002 0.8125 0.6609375000000002 0.9171875 0.6609375000000002
10 0.7453125 0.5296875000000001 0.69375 0.5296875 0.69375 0.6765625000000001 0.7453125 0.6765625000000002
10 0.6765625 0.5359375 0.6203125 0.5359375 0.6203125 0.64375 0.6765625 0.64375
10 0.5984375 0.525 0.5421875 0.525 0.5421875 0.6453125 0.5984375 0.6453125
8 0.971875 0.6062500000000001 0.71875 0.60625 0.7187500000000001 0.940625 0.971875 0.940625
7 0.37968750000000007 0.39375000000000004 0.3046875000000001 0.39375 0.3046875000000001 0.85 0.37968750000000007 0.85
7 0.534375 0.3984375000000001 0.4375 0.3984375000000001 0.4375000000000001 0.7578125 0.5343750000000002 0.7578125
7 0.546875 0.4046875 0.509375 0.4046875 0.509375 0.640625 0.546875 0.640625
7 0.5953125 0.4078125 0.5515625 0.4078125 0.5515625 0.5921875 0.5953125 0.5921875
7 0.628125 0.4140625 0.603125 0.4140625 0.603125 0.5046875 0.628125 0.5046875
7 0.6640625 0.4234375 0.6171875 0.4234375 0.6171875 0.61875 0.6640625 0.61875
7 0.7390625 0.4000000000000001 0.6828125 0.4 0.6828125 0.6375000000000001 0.7390625 0.6375000000000002
7 0.78125 0.42187500000000017 0.7515625 0.42187500000000017 0.7515625 0.4984375000000002 0.78125 0.4984375000000002