1 0.2171875000000001 0.7890625 0.0906250000000001 0.7890625 0.0906250000000001 0.8921875 0.2171875000000001 0.8921875
1 0.1906250000000001 0.75625 0.050000000000000086 0.75625 0.0500000000000001 0.8203125 0.1906250000000001 0.8203125
1 0.43750000000000017 0.775 0.3265625000000001 0.775 0.3265625000000001 0.8203125 0.43750000000000017 0.8203125
1 0.5421875000000002 0.80625 0.3906250000000001 0.80625 0.3906250000000001 0.875 0.5421875000000002 0.875
1 0.5609375000000001 0.7171875 0.421875 0.7171875 0.4218750000000001 0.803125 0.5609375000000002 0.803125
1 0.38750000000000007 0.6921875 0.29375000000000007 0.6921875 0.29375000000000007 0.7625 0.38750000000000007 0.7625
1 0.6156250000000001 0.684375 0.51875 0.684375 0.51875 0.7609375 0.6156250000000002 0.7609375
1 0.6765625000000002 0.7828125 0.5625000000000002 0.7828125 0.5625000000000002 0.8578125 0.6765625000000002 0.8578125
1 0.7859375000000002 0.7359375000000001 0.6703125000000002 0.7359375 0.6703125000000002 0.7906250000000001 0.7859375000000002 0.7906250000000001
1 0.6968750000000001 0.71875 0.609375 0.71875 0.6093750000000001 0.7875 0.6968750000000001 0.7875
1 0.753125 0.6671875 0.68125 0.6671875 0.6812500000000001 0.753125 0.7531250000000002 0.7531250000000002
1 0.7953125 0.6296875000000001 0.725 0.6296875 0.725 0.6937500000000001 0.7953125 0.6937500000000002
1 0.8515625 0.7234375000000002 0.7953125 0.7234375000000002 0.7953125000000001 0.7906250000000001 0.8515625 0.7906250000000001
1 0.9921875 0.7796875000000002 0.8828125 0.7796875000000002 0.8828125 0.8421875 0.9921875 0.8421875
1 0.9390625 0.7359375000000001 0.8890625 0.7359375000000001 0.8890625 0.7875000000000002 0.9390625 0.7875000000000002
1 0.9265625 0.6531250000000002 0.86875 0.6531250000000002 0.86875 0.7484375000000002 0.9265625 0.7484375000000002
1 0.859375 0.6406250000000002 0.803125 0.6406250000000002 0.803125 0.7515625000000001 0.859375 0.7515625000000001
1 0.9765625 0.6484375000000002 0.915625 0.6484375000000002 0.915625 0.7359375000000001 0.9765625 0.7359375000000001