6 0.5296875 0.496875 0.3703125000000001 0.496875 0.3703125000000001 0.6640625 0.5296875 0.6640625
6 0.3125000000000001 0.528125 0.12812500000000004 0.528125 0.12812500000000007 0.7546875 0.3125000000000001 0.7546875
6 0.5875 0.49375 0.48125 0.49375 0.48125 0.6625 0.5875 0.6625
6 0.6765625 0.5078125 0.5453125 0.5078125 0.5453125 0.634375 0.6765625 0.634375
6 0.721875 0.465625 0.646875 0.465625 0.646875 0.615625 0.721875 0.615625
6 0.7671875 0.4750000000000001 0.684375 0.475 0.684375 0.596875 0.7671875 0.5968750000000002
6 0.9328125 0.44843750000000016 0.8859375 0.44843750000000016 0.8859375 0.5562500000000001 0.9328125 0.5562500000000001
6 0.8984375 0.4750000000000002 0.85 0.4750000000000002 0.85 0.5703125000000002 0.8984375 0.5703125000000002
6 0.859375 0.4750000000000002 0.796875 0.4750000000000002 0.796875 0.5828125000000002 0.859375 0.5828125000000002
7 0.35625000000000007 0.390625 0.3031250000000001 0.390625 0.3031250000000001 0.6125 0.35625000000000007 0.6125
7 0.2796875000000001 0.390625 0.22656250000000008 0.390625 0.22656250000000008 0.546875 0.2796875000000001 0.546875
7 0.25468750000000007 0.39375 0.19062500000000004 0.39375 0.19062500000000007 0.590625 0.25468750000000007 0.590625
7 0.2000000000000001 0.3796875 0.12812500000000004 0.3796875 0.12812500000000007 0.5578125 0.2000000000000001 0.5578125
7 0.3781250000000001 0.39531250000000007 0.3437500000000001 0.3953125 0.3437500000000001 0.5 0.3781250000000001 0.5
7 0.421875 0.409375 0.3890625000000001 0.409375 0.3890625000000001 0.4875 0.421875 0.4875
7 0.5390625 0.4140625 0.509375 0.4140625 0.509375 0.5046875 0.5390625 0.5046875
7 0.6109375 0.4109375 0.56875 0.4109375 0.56875 0.496875 0.6109375 0.496875
7 0.6359375 0.415625 0.60625 0.415625 0.60625 0.4953125 0.6359375 0.4953125
7 0.68125 0.421875 0.6515625 0.421875 0.6515625 0.4734375 0.68125 0.4734375
7 0.7375 0.4140625000000001 0.7109375 0.4140625 0.7109375 0.48125000000000007 0.7375 0.4812500000000002
7 0.78125 0.41406250000000017 0.75 0.41406250000000017 0.75 0.5000000000000002 0.78125 0.5000000000000002