10 0.4843750000000001 0.675 0.3187500000000001 0.675 0.3187500000000001 0.98125 0.48437500000000017 0.98125
10 0.3421875000000001 0.68125 0.06250000000000008 0.68125 0.0625000000000001 0.978125 0.3421875000000001 0.978125
10 0.7062500000000002 0.8203125 0.48437500000000017 0.8203125 0.48437500000000017 1 0.7062500000000002 1
10 0.8140625 0.8 0.6312500000000002 0.8 0.6312500000000002 0.9265625 0.8140625 0.9265625
10 0.6656250000000001 0.6890625 0.475 0.6890625 0.4750000000000001 0.903125 0.6656250000000001 0.903125
10 0.6859375000000001 0.6609375 0.56875 0.6609375 0.5687500000000001 0.8546875 0.6859375000000002 0.8546875
10 0.7484375000000001 0.6703125000000001 0.6765625 0.6703125 0.6765625000000001 0.8734375 0.7484375000000002 0.8734375
10 0.7937500000000001 0.6703125000000002 0.7296875 0.6703125000000002 0.7296875 0.85 0.7937500000000002 0.85
10 0.24218750000000008 0.5421875 0.06406250000000006 0.5421875 0.06406250000000008 0.696875 0.24218750000000008 0.696875
10 0.12031250000000007 0.4640625 0.010937500000000055 0.4640625 0.010937500000000069 0.684375 0.12031250000000009 0.684375
8 0.3437500000000001 0.653125 0.08125000000000009 0.653125 0.0812500000000001 0.9609375 0.3437500000000001 0.9609375
8 0.5796875000000001 0.6578125 0.4484375 0.6578125 0.4484375000000001 0.790625 0.5796875000000001 0.790625
8 0.4609375 0.559375 0.3671875000000001 0.559375 0.3671875000000001 0.684375 0.4609375 0.684375
8 0.3218750000000001 0.55625 0.14843750000000008 0.55625 0.14843750000000008 0.734375 0.3218750000000001 0.734375
8 0.9953125 0.8703125 0.6500000000000001 0.8703125 0.6500000000000001 1 0.9953125 1
5 0.815625 0.8171875 0.7531250000000002 0.8171875 0.7531250000000002 0.95 0.815625 0.95
7 0.3546875000000001 0.38125 0.2875000000000001 0.38125 0.2875000000000001 0.5125 0.3546875000000001 0.5125