3 0.659375 0.6015625 0.2453125000000001 0.6015625 0.2453125000000001 0.875 0.6593750000000002 0.875
3 0.4609375 0.26875000000000004 0.12656250000000005 0.26875 0.12656250000000008 0.6109375 0.4609375 0.6109375
3 0.5421875 0.13437500000000005 0.2578125 0.13437500000000005 0.25781250000000006 0.4015625 0.5421875 0.4015625
3 0.803125 0.10156250000000008 0.6015625 0.10156250000000008 0.6015625 0.2812500000000001 0.803125 0.2812500000000001
3 0.2312500000000001 0.5875 7.1947999449907e-17 0.5875 9.577120671457036e-17 0.9765625 0.2312500000000001 0.9765625
7 0.5765625 0.471875 0.4453125 0.471875 0.4453125 0.5953125 0.5765625 0.5953125
7 0.8671875 0.44843750000000016 0.76875 0.44843750000000016 0.76875 0.5968750000000002 0.8671875 0.5968750000000002
9 0.6640625 0.2609375000000001 0.5046875 0.2609375000000001 0.5046875 0.4015625 0.6640625 0.4015625
9 0.825 0.30156250000000007 0.5484375 0.30156250000000007 0.5484375 0.46562500000000007 0.825 0.4656250000000002
9 0.7765625 0.4531250000000001 0.5546875 0.453125 0.5546875 0.5859375000000001 0.7765625 0.5859375000000002
9 0.2203125 0.08125000000000002 0.046875000000000014 0.08125 0.046875000000000014 0.17187500000000003 0.2203125 0.17187500000000006