7 0.7953125000000001 0.5921875000000002 0.7265625 0.5921875000000002 0.7265625000000001 0.7421875000000002 0.7953125000000002 0.7421875000000002
7 0.8890625 0.6000000000000002 0.8078125 0.6000000000000002 0.8078125 0.7171875000000002 0.8890625 0.7171875000000002
7 0.7640625000000001 0.5984375000000001 0.703125 0.5984375 0.7031250000000001 0.7265625000000001 0.7640625000000002 0.7265625000000002
7 0.7093750000000001 0.5765625 0.640625 0.5765625 0.6406250000000001 0.7640625 0.7093750000000002 0.7640625
7 0.5875 0.5765625 0.5296875 0.5765625 0.5296875 0.6796875 0.5875 0.6796875
7 0.5328125 0.578125 0.46875 0.578125 0.46875 0.7140625 0.5328125 0.7140625
7 0.5000000000000001 0.60625 0.3765625000000001 0.60625 0.3765625000000001 0.728125 0.5000000000000002 0.728125
7 0.3828125000000001 0.5890625 0.3000000000000001 0.5890625 0.3000000000000001 0.69375 0.3828125000000001 0.69375
7 0.29375000000000007 0.584375 0.2218750000000001 0.584375 0.2218750000000001 0.678125 0.29375000000000007 0.678125
7 0.1843750000000001 0.596875 0.057812500000000065 0.596875 0.05781250000000008 0.665625 0.1843750000000001 0.665625
7 0.2812500000000001 0.6703125 0.2218750000000001 0.6703125 0.2218750000000001 0.7390625 0.2812500000000001 0.7390625
9 1 0.6328125000000002 0.8078125 0.6328125000000002 0.8078125 0.7343750000000002 1 0.7343750000000002
9 0.5937500000000001 0.6546875 8.017609513167828e-17 0.6546875 9.500580246510326e-17 0.896875 0.5937500000000002 0.896875