9 0.6843750000000001 0.6703125 0.4625 0.6703125 0.4625000000000001 0.8828125 0.6843750000000002 0.8828125
3 0.4328125000000001 0.27187500000000003 0.05468750000000002 0.271875 0.05468750000000007 0.896875 0.43281250000000016 0.896875
7 0.7500000000000001 0.6171875000000001 0.65625 0.6171875 0.6562500000000001 0.9890625 0.7500000000000002 0.9890625
7 0.22812500000000008 0.55 0.1859375000000001 0.55 0.1859375000000001 0.734375 0.22812500000000008 0.734375
7 0.7781250000000001 0.6390625000000001 0.7078125 0.6390625 0.7078125000000001 0.834375 0.7781250000000002 0.834375
7 0.8640625 0.6531250000000002 0.7890625 0.6531250000000002 0.7890625000000001 0.865625 0.8640625 0.865625
7 0.94375 0.6562500000000002 0.846875 0.6562500000000002 0.846875 0.925 0.94375 0.925
7 1 0.6250000000000002 0.9109375 0.6250000000000002 0.9109375 0.9984375 1 0.9984375
7 0.5218750000000001 0.628125 0.4875 0.628125 0.4875000000000001 0.7375 0.5218750000000002 0.7375
7 0.5015625000000001 0.6 0.4453125 0.6 0.4453125000000001 0.74375 0.5015625000000001 0.74375
7 0.4468750000000001 0.6125 0.4015625 0.6125 0.4015625000000001 0.75 0.4468750000000002 0.75
7 0.6046875 0.6109375 0.553125 0.6109375 0.5531250000000001 0.7671875 0.6046875000000002 0.7671875
7 0.5625000000000001 0.6234375 0.53125 0.6234375 0.5312500000000001 0.7375 0.5625000000000002 0.7375
7 0.6562500000000001 0.6234375 0.5921875 0.6234375 0.5921875000000001 0.75625 0.6562500000000002 0.75625