0 0.9078125 0.7875000000000002 0.7281250000000001 0.7875000000000002 0.7281250000000001 0.9859375 0.9078125 0.9859375
7 0.3781250000000001 0.709375 0.28593750000000007 0.709375 0.28593750000000007 1 0.3781250000000001 1
7 0.45000000000000007 0.684375 0.3609375000000001 0.684375 0.3609375000000001 0.928125 0.4500000000000002 0.928125
7 0.5375000000000001 0.6 0.496875 0.6 0.49687500000000007 0.7921875 0.5375000000000002 0.7921875
7 0.4781250000000001 0.584375 0.4390625 0.584375 0.4390625000000001 0.7515625 0.4781250000000002 0.7515625
7 0.5703125000000001 0.6203125 0.5265625 0.6203125 0.5265625 0.81875 0.5703125000000002 0.81875
7 0.6468750000000001 0.684375 0.58125 0.684375 0.58125 0.859375 0.6468750000000002 0.859375
7 0.7578125000000001 0.6203125 0.6921875 0.6203125 0.6921875000000001 0.7812500000000001 0.7578125000000002 0.7812500000000002
7 0.83125 0.6812500000000001 0.7875 0.6812500000000001 0.7875000000000001 0.8375 0.83125 0.8375
7 0.9859375 0.5796875000000001 0.91875 0.5796875000000001 0.91875 0.7796875000000002 0.9859375 0.7796875000000002
7 0.928125 0.5218750000000002 0.84375 0.5218750000000002 0.84375 0.6656250000000001 0.928125 0.6656250000000001
7 0.8359375 0.4937500000000002 0.7796875 0.4937500000000002 0.7796875 0.6375000000000002 0.8359375 0.6375000000000002
7 0.7609375 0.46562500000000007 0.703125 0.465625 0.703125 0.5953125000000001 0.7609375 0.5953125000000001
7 0.70625 0.48125 0.6421875 0.48125 0.6421875 0.6109375 0.70625 0.6109375
7 0.64375 0.4921875 0.58125 0.4921875 0.58125 0.68125 0.64375 0.68125
7 0.5640625 0.4953125 0.496875 0.4953125 0.496875 0.603125 0.5640625 0.603125
7 0.4859375 0.5 0.428125 0.5 0.428125 0.63125 0.4859375 0.63125
7 0.4015625 0.49375 0.3437500000000001 0.49375 0.3437500000000001 0.659375 0.4015625 0.659375
7 0.3140625000000001 0.509375 0.2640625000000001 0.509375 0.2640625000000001 0.6734375 0.3140625000000001 0.6734375