9 1 0.7468750000000001 0.5437500000000002 0.746875 0.5437500000000002 0.990625 1 0.990625
6 0.1812500000000001 0.7671875 0.042187500000000086 0.7671875 0.04218750000000011 1 0.18125000000000013 1
6 0.36406250000000007 0.81875 0.1781250000000001 0.81875 0.17812500000000012 1 0.36406250000000007 1
6 0.6578125000000001 0.75625 0.5609375000000002 0.75625 0.5609375000000002 0.9125 0.6578125000000001 0.9125
7 0.4468750000000002 0.7265625 0.4125000000000002 0.7265625 0.4125000000000002 0.9125 0.4468750000000002 0.9125
7 0.2468750000000001 0.7296875 0.21250000000000008 0.7296875 0.21250000000000008 0.834375 0.2468750000000001 0.834375
7 0.2828125000000001 0.7359375 0.2578125000000001 0.7359375 0.2578125000000001 0.840625 0.2828125000000001 0.840625
7 0.2328125000000001 0.721875 0.21250000000000008 0.721875 0.21250000000000008 0.784375 0.2328125000000001 0.784375
7 0.2687500000000001 0.7015625 0.2484375000000001 0.7015625 0.2484375000000001 0.76875 0.2687500000000001 0.76875
7 0.3593750000000001 0.7296875 0.3203125000000001 0.7296875 0.3203125000000001 0.9 0.3593750000000001 0.9
7 0.3109375000000001 0.746875 0.2828125000000001 0.746875 0.2828125000000001 0.8640625 0.3109375000000001 0.8640625
7 0.39531250000000007 0.753125 0.3609375000000001 0.753125 0.3609375000000001 0.925 0.39531250000000007 0.925
7 0.3750000000000001 0.7015625 0.34843750000000007 0.7015625 0.34843750000000007 0.890625 0.3750000000000001 0.890625
7 0.44531250000000017 0.7296875 0.4109375000000002 0.7296875 0.4109375000000002 0.915625 0.44531250000000017 0.915625
7 0.4703125000000002 0.74375 0.44062500000000016 0.74375 0.44062500000000016 0.909375 0.4703125000000002 0.909375
7 0.4562500000000001 0.725 0.4203125 0.725 0.4203125000000001 0.8796875 0.45625000000000016 0.8796875
7 0.5781250000000002 0.7296875 0.5562500000000001 0.7296875 0.5562500000000001 0.8390625 0.5781250000000002 0.8390625
7 0.534375 0.715625 0.5078125 0.715625 0.5078125000000001 0.8375 0.5343750000000002 0.8375
7 0.5171875000000001 0.7234375 0.484375 0.7234375 0.4843750000000001 0.8328125 0.5171875000000001 0.8328125
7 0.6421875000000001 0.7171875 0.615625 0.7171875 0.6156250000000001 0.865625 0.6421875000000001 0.865625
7 0.8953125 0.7031250000000002 0.865625 0.7031250000000002 0.865625 0.7859375000000002 0.8953125 0.7859375000000002
7 0.86875 0.7203125000000001 0.8375 0.7203125000000001 0.8375 0.7859375000000002 0.86875 0.7859375000000002