2 0.9828125 0.5031250000000002 0.909375 0.5031250000000002 0.909375 0.6312500000000002 0.9828125 0.6312500000000002
5 0.884375 0.5343750000000002 0.85 0.5343750000000002 0.85 0.6734375000000001 0.884375 0.6734375000000001
5 0.17031250000000012 0.7671875 0.0984375000000001 0.7671875 0.0984375000000001 0.9796875 0.17031250000000014 0.9796875
5 0.5328125000000001 0.7015625 0.4859375 0.7015625 0.4859375000000001 0.9046875 0.5328125000000001 0.9046875
5 0.6796875 0.5859375 0.6421875 0.5859375 0.6421875 0.721875 0.6796875 0.721875
5 0.5953125000000001 0.6125 0.5421875 0.6125 0.5421875 0.7984375 0.5953125000000001 0.7984375
8 0.98125 0.5578125 6.831232926493829e-17 0.5578125 9.538850458983681e-17 1 0.98125 1
7 0.3453125 0.10312500000000002 0.128125 0.103125 0.12812500000000004 0.8015625 0.3453125000000001 0.8015625
7 0.5375000000000001 0.4734375 0.4171875 0.4734375 0.4171875000000001 0.790625 0.5375000000000002 0.790625
7 0.41875 0.4234375 0.3453125000000001 0.4234375 0.3453125000000001 0.615625 0.41875 0.615625
7 0.640625 0.440625 0.5578125 0.440625 0.5578125 0.7171875 0.640625 0.7171875
7 0.815625 0.4156250000000002 0.73125 0.4156250000000002 0.73125 0.6578125000000001 0.815625 0.6578125000000001
7 0.909375 0.4437500000000002 0.8328125 0.4437500000000002 0.8328125 0.6500000000000001 0.909375 0.6500000000000001