8 0.871875 0.26875000000000004 0.2875 0.26875 0.28750000000000003 1 0.871875 1
5 0.51875 0.4625 0.4453125 0.4625 0.4453125 0.653125 0.51875 0.653125
5 0.6359375 0.3734375000000001 0.559375 0.3734375000000001 0.559375 0.5765625 0.6359375 0.5765625
5 0.46875 0.26250000000000007 0.4046875 0.26250000000000007 0.4046875 0.3984375000000001 0.46875 0.3984375000000001
5 0.7406250000000001 0.7125000000000001 0.615625 0.7125 0.6156250000000001 1 0.7406250000000002 1
5 0.6375000000000002 0.8328125 0.4734375000000002 0.8328125 0.4734375000000002 1 0.6375000000000002 1
5 0.5468750000000001 0.71875 0.4140625 0.71875 0.4140625000000001 0.8875 0.5468750000000002 0.8875
7 1 0.004687500000000111 0.8140625 0.0046875000000001 0.8140625 0.878125 1 0.878125
7 0.8296875 0.12343750000000009 0.6375 0.12343750000000009 0.6375 0.5718750000000001 0.8296875 0.5718750000000001
7 0.709375 0.05781250000000008 0.6203125 0.057812500000000065 0.6203125 0.20312500000000008 0.709375 0.20312500000000008
7 0.6046875 0.08125000000000007 0.5015625 0.08125000000000007 0.5015625 0.34843750000000007 0.6046875 0.34843750000000007
7 0.3875 0.08750000000000005 0.3109375 0.08750000000000005 0.3109375 0.3453125 0.3875 0.3453125000000001
7 0.31250000000000006 0.06250000000000003 0.1796875 0.06250000000000003 0.17968750000000006 0.5484375 0.3125000000000001 0.5484375
7 0.19687500000000002 1.9804834954961103e-17 0.1265625 1.549943605170869e-17 0.12656250000000002 0.303125 0.19687500000000005 0.303125
7 0.10000000000000005 0.004687500000000006 5.740531871003218e-19 0.0046875 4.544587731210881e-17 0.7375 0.10000000000000009 0.7375