7 0.29218750000000004 0.2171875 0.16093750000000004 0.2171875 0.16093750000000007 0.58125 0.2921875000000001 0.58125
7 0.41875 0.17343750000000005 0.284375 0.17343750000000005 0.28437500000000004 0.5484375 0.41875 0.5484375
8 0.6406250000000001 0.4578125 0.10000000000000005 0.4578125 0.10000000000000006 0.890625 0.6406250000000002 0.890625
8 0.16250000000000006 0.396875 4.860316984116058e-17 0.396875 6.410260589286927e-17 0.65 0.1625000000000001 0.65
8 0.9609375 0.4828125000000001 0.6265625 0.4828125 0.6265625000000001 0.9171875 0.9609375 0.9171875
5 0.403125 0.4 0.3390625000000001 0.4 0.3390625000000001 0.4953125 0.403125 0.4953125
5 0.3625000000000001 0.3671875 0.2828125000000001 0.3671875 0.2828125000000001 0.5109375 0.3625000000000001 0.5109375
5 0.2750000000000001 0.3875 0.2468750000000001 0.3875 0.2468750000000001 0.4859375 0.2750000000000001 0.4859375
5 0.2500000000000001 0.3890625 0.21250000000000008 0.3890625 0.21250000000000008 0.4921875 0.2500000000000001 0.4921875
5 0.553125 0.43125 0.515625 0.43125 0.515625 0.5046875 0.553125 0.5046875
5 0.12187500000000004 0.40625 0.09062500000000004 0.40625 0.09062500000000005 0.4734375 0.12187500000000004 0.4734375
5 0.10000000000000005 0.4234375 0.04062500000000006 0.4234375 0.04062500000000006 0.4984375 0.10000000000000005 0.4984375
5 0.04843750000000006 0.4234375 0.01718750000000005 0.4234375 0.017187500000000057 0.484375 0.04843750000000006 0.484375