7 0.915625 0.8046875 0.8859375 0.8046875 0.8859375 0.9375 0.915625 0.9375
7 0.946875 0.7468750000000002 0.9203125 0.7468750000000002 0.9203125 0.9171875 0.946875 0.9171875
7 0.9890625 0.8734375 0.959375 0.8734375 0.959375 0.990625 0.9890625 0.990625
3 0.5703125000000001 0.5640625 0.3578125000000001 0.5640625 0.3578125000000001 1 0.5703125000000002 1
3 0.8640625 0.834375 0.5703125000000002 0.834375 0.5703125000000002 1 0.8640625 1
3 0.8265625 0.6890625000000001 0.5859375 0.6890625 0.5859375000000001 0.9140625 0.8265625 0.9140625
3 0.4125 0.4234375 0.3046875000000001 0.4234375 0.3046875000000001 0.59375 0.4125 0.59375
3 0.30156250000000007 0.5265625 0.15468750000000003 0.5265625 0.15468750000000006 0.6984375 0.30156250000000007 0.6984375
3 0.4546875 0.4234375 0.3921875000000001 0.4234375 0.3921875000000001 0.5609375 0.4546875 0.5609375
3 0.48125 0.4015625 0.4109375 0.4015625 0.4109375 0.5296875 0.48125 0.5296875
3 0.5203125 0.3859375000000001 0.4703125 0.3859375000000001 0.4703125 0.475 0.5203125 0.475
3 0.5453125 0.3781250000000001 0.5109375 0.3781250000000001 0.5109375 0.45 0.5453125 0.45
3 0.640625 0.3968750000000001 0.54375 0.3968750000000001 0.54375 0.5859375 0.640625 0.5859375
3 0.7484375 0.5515625000000001 0.6453125 0.5515625 0.6453125 0.6734375000000001 0.7484375 0.6734375000000001
3 0.7234375 0.50625 0.63125 0.50625 0.63125 0.5796875 0.7234375 0.5796875
3 0.76875 0.45781250000000007 0.7046875 0.4578125 0.7046875 0.5640625000000001 0.76875 0.5640625000000001
9 0.875 0.6031250000000001 0.753125 0.6031250000000001 0.753125 0.7015625000000002 0.875 0.7015625000000002