8 1 0.7078125000000002 0.884375 0.7078125000000002 0.884375 1 1 1
8 0.3984375000000001 0.55 0.1984375000000001 0.55 0.1984375000000001 0.9015625 0.3984375000000001 0.9015625
10 0.8875 0.5734375 0.60625 0.5734375 0.6062500000000001 1 0.8875 1
10 0.9203125 0.51875 0.703125 0.51875 0.7031250000000001 0.984375 0.9203125 0.984375
10 0.9515625 0.4546875000000002 0.7953125 0.4546875000000002 0.7953125000000001 0.7734375000000002 0.9515625 0.7734375000000002
10 0.4906250000000001 0.471875 0.3750000000000001 0.471875 0.3750000000000001 0.7921875 0.4906250000000002 0.7921875
10 0.18437500000000012 0.5890625 7.213935051227377e-17 0.5890625 9.730201521350454e-17 1 0.18437500000000012 1
7 0.2671875000000001 0.4203125 0.10625000000000004 0.4203125 0.1062500000000001 0.9265625 0.2671875000000001 0.9265625
7 0.4093750000000001 0.421875 0.28593750000000007 0.421875 0.28593750000000007 0.8859375 0.40937500000000016 0.8859375
10 0.7125 0.421875 0.6046875 0.421875 0.6046875 0.69375 0.7125 0.69375
8 0.6187500000000001 0.4640625 0.4984375 0.4640625 0.4984375000000001 0.728125 0.6187500000000001 0.728125