2 0.11875000000000006 0.325 0.08281250000000004 0.325 0.08281250000000005 0.5640625 0.11875000000000009 0.5640625
2 0.17656250000000007 0.334375 0.12812500000000004 0.334375 0.12812500000000007 0.575 0.1765625000000001 0.575
2 0.07968750000000005 0.3640625 4.4584797531458325e-17 0.3640625 4.8794520903527353e-17 0.4328125 0.07968750000000005 0.4328125
2 0.07187500000000005 0.4359375 0.0031250000000000526 0.4359375 0.0031250000000000557 0.4765625 0.07187500000000006 0.4765625
2 0.09531250000000006 0.4765625 0.01718750000000006 0.4765625 0.017187500000000064 0.5484375 0.09531250000000006 0.5484375
2 0.12343750000000009 0.584375 0.048437500000000064 0.584375 0.04843750000000009 0.9 0.12343750000000009 0.9
2 0.06250000000000008 0.60625 7.424421219830829e-17 0.60625 9.089175462421763e-17 0.878125 0.06250000000000011 0.878125
2 0.13750000000000012 0.8546875 0.09687500000000011 0.8546875 0.09687500000000013 1 0.13750000000000012 1
2 0.1968750000000001 0.8109375 0.1281250000000001 0.8109375 0.1281250000000001 1 0.19687500000000013 1
2 0.2312500000000001 0.58125 0.1687500000000001 0.58125 0.1687500000000001 0.8265625 0.2312500000000001 0.8265625
2 0.25781250000000006 0.3421875 0.2203125 0.3421875 0.22031250000000005 0.5453125 0.2578125000000001 0.5453125
2 0.31718750000000007 0.3453125 0.2640625 0.3453125 0.26406250000000003 0.4890625 0.31718750000000007 0.4890625
2 0.328125 0.18125000000000005 0.2953125 0.18125000000000005 0.2953125 0.35 0.328125 0.35
2 0.4078125 0.19687500000000005 0.3484375 0.19687500000000005 0.34843750000000007 0.38125000000000003 0.4078125 0.3812500000000001
2 0.19375000000000003 0.12187500000000002 0.153125 0.121875 0.153125 0.3625 0.19375000000000003 0.3625
2 0.07500000000000002 0.0515625 0.020312500000000004 0.0515625 0.02031250000000002 0.309375 0.07500000000000004 0.309375
2 0.04843750000000003 0.071875 8.802148868871602e-18 0.071875 2.6215095544248028e-17 0.35625 0.04843750000000004 0.35625
2 0.9578125 0.5234375000000002 0.88125 0.5234375000000002 0.88125 0.81875 0.9578125 0.81875
2 1 0.5312500000000002 0.9421875 0.5312500000000002 0.9421875 0.7718750000000002 1 0.7718750000000002
7 0.8125 0.2296875000000001 0.4609375 0.2296875000000001 0.4609375000000001 1 0.8125 1
7 0.5000000000000001 0.3921875 0.2890625000000001 0.3921875 0.2890625000000001 1 0.5000000000000002 1