7 0.7046875000000001 0.4234375 0.6078125 0.4234375 0.6078125000000001 0.9046875 0.7046875000000001 0.9046875
7 0.7937500000000001 0.4296875000000001 0.71875 0.4296875 0.7187500000000001 0.7765625 0.7937500000000002 0.7765625000000002
7 0.7406250000000001 0.5234375000000001 0.7046875 0.5234375 0.7046875000000001 0.7953125000000001 0.7406250000000002 0.7953125000000002
7 0.5921875000000001 0.37968750000000007 0.475 0.37968750000000007 0.4750000000000001 0.9078125 0.5921875000000002 0.9078125
7 0.4640625000000001 0.421875 0.3375000000000001 0.421875 0.3375000000000001 0.9484375 0.46406250000000016 0.9484375
7 0.3546875000000001 0.465625 0.2984375000000001 0.465625 0.2984375000000001 0.8015625 0.3546875000000001 0.8015625
7 0.2500000000000001 0.4671875 0.19062500000000004 0.4671875 0.19062500000000007 0.7984375 0.2500000000000001 0.7984375
7 0.3109375000000001 0.4859375 0.2562500000000001 0.4859375 0.2562500000000001 0.696875 0.3109375000000001 0.696875
7 0.08906250000000007 0.4984375 0.056250000000000064 0.4984375 0.05625000000000008 0.6609375 0.08906250000000009 0.6609375
7 0.16406250000000008 0.5515625 0.13281250000000008 0.5515625 0.13281250000000008 0.7 0.16406250000000008 0.7
7 0.18593750000000006 0.503125 0.15156250000000004 0.503125 0.15156250000000007 0.6234375 0.1859375000000001 0.6234375