9 0.540625 0.3750000000000001 0.3890625000000001 0.3750000000000001 0.3890625000000001 0.5203125 0.540625 0.5203125
9 0.5218750000000001 0.578125 0.3750000000000001 0.578125 0.3750000000000001 0.7265625 0.5218750000000002 0.7265625
9 0.871875 0.6656250000000001 0.6484375 0.665625 0.6484375000000001 0.8890625 0.871875 0.8890625
9 1 0.7406250000000002 0.878125 0.7406250000000002 0.878125 0.8703125 1 0.8703125
7 0.6500000000000001 0.80625 0.5671875000000002 0.80625 0.5671875000000002 0.89375 0.6500000000000001 0.89375
7 0.578125 0.540625 0.534375 0.540625 0.534375 0.58125 0.578125 0.58125
7 0.653125 0.4578125 0.5671875 0.4578125 0.5671875 0.53125 0.653125 0.53125
7 0.7390625 0.4671875000000001 0.640625 0.4671875 0.640625 0.5421875 0.7390625 0.5421875000000002
7 0.7625 0.5296875000000001 0.6828125 0.5296875 0.6828125 0.6390625000000001 0.7625 0.6390625000000002
7 0.8390625 0.6234375000000002 0.7640625 0.6234375000000002 0.7640625 0.6718750000000002 0.8390625 0.6718750000000002
6 0.471875 0.528125 0.3828125000000001 0.528125 0.3828125000000001 0.5875 0.471875 0.5875
9 0.371875 0.21562500000000004 0.2640625 0.215625 0.2640625 0.26250000000000007 0.371875 0.26250000000000007
9 0.30625 0.17343750000000005 0.259375 0.17343750000000005 0.259375 0.2234375 0.30625 0.2234375
9 0.3125 0.14062500000000006 0.2640625 0.14062500000000006 0.2640625 0.17343750000000005 0.3125 0.17343750000000005
9 0.3953125 0.12968750000000004 0.315625 0.12968750000000004 0.315625 0.17500000000000004 0.3953125 0.17500000000000004
9 0.2953125 0.18125000000000005 0.2078125 0.18125000000000005 0.2078125 0.253125 0.2953125 0.253125