1 0.5421875 0.446875 0.2812500000000001 0.446875 0.2812500000000001 0.7359375 0.5421875000000002 0.7359375
1 1 0.44218750000000007 0.603125 0.4421875 0.603125 0.6609375000000001 1 0.6609375000000002
1 0.11406250000000007 0.5125 6.276314845630185e-17 0.5125 8.132420150587893e-17 0.815625 0.1140625000000001 0.815625
7 0.6093750000000001 0.603125 0.553125 0.603125 0.5531250000000001 0.7546875 0.6093750000000002 0.7546875
7 0.846875 0.6640625000000002 0.7921875 0.6640625000000002 0.7921875 0.7625000000000002 0.846875 0.7625000000000002
7 0.596875 0.6828125 0.5421875 0.6828125 0.5421875 0.7734375 0.5968750000000002 0.7734375
7 0.5109375 0.646875 0.4453125 0.646875 0.4453125000000001 0.75625 0.5109375000000002 0.75625
10 0.7890625000000001 0.7187500000000001 0.64375 0.71875 0.64375 0.8875 0.7890625000000002 0.8875
10 1 0.6609375000000002 0.89375 0.6609375000000002 0.89375 0.8265625 1 0.8265625
10 0.875 0.7312500000000002 0.7937500000000002 0.7312500000000002 0.7937500000000002 0.8765625 0.875 0.8765625
10 0.6562500000000001 0.69375 0.5921875 0.69375 0.5921875000000001 0.8046875 0.6562500000000002 0.8046875
10 0.6187500000000001 0.759375 0.5328125000000001 0.759375 0.5328125000000001 0.9078125 0.6187500000000001 0.9078125
10 0.5343750000000002 0.7421875 0.44062500000000016 0.7421875 0.44062500000000016 0.896875 0.5343750000000002 0.896875