3 0.3234375000000001 0.4484375 0.15625000000000006 0.4484375 0.15625000000000006 0.7890625 0.3234375000000001 0.7890625
0 0.9828125 0.6468750000000002 0.8921875 0.6468750000000002 0.8921875 0.8484375 0.9828125 0.8484375
0 0.9578125 0.6218750000000002 0.85 0.6218750000000002 0.85 0.84375 0.9578125 0.84375
9 0.1281250000000001 0.6296875 7.711447813380989e-17 0.6296875 9.978957902427261e-17 1 0.12812500000000013 1
9 0.15781250000000008 0.5421875 0.010937500000000067 0.5421875 0.010937500000000084 0.8390625 0.15781250000000008 0.8390625
7 0.37968750000000007 0.5671875 0.3234375000000001 0.5671875 0.3234375000000001 0.7484375 0.37968750000000007 0.7484375
7 0.4437500000000001 0.5671875 0.3906250000000001 0.5671875 0.3906250000000001 0.79375 0.4437500000000002 0.79375
7 0.4859375000000001 0.534375 0.44375 0.534375 0.4437500000000001 0.734375 0.4859375000000002 0.734375
7 0.3437500000000001 0.53125 0.3187500000000001 0.53125 0.3187500000000001 0.678125 0.3437500000000001 0.678125
7 0.7609375 0.6203125 0.6890625 0.6203125 0.6890625000000001 0.9828125 0.7609375000000002 0.9828125
7 0.86875 0.6234375000000002 0.79375 0.6234375000000002 0.7937500000000001 1 0.86875 1
7 0.6984375 0.640625 0.640625 0.640625 0.6406250000000001 0.871875 0.6984375000000002 0.871875
7 0.5453125 0.5625 0.5140625 0.5625 0.5140625 0.671875 0.5453125 0.671875