6 0.88125 0.5984375000000001 0.690625 0.5984375 0.690625 0.9984375 0.88125 0.9984375
6 0.6890625000000001 0.6484375 0.4921875 0.6484375 0.4921875000000001 1 0.6890625000000001 1
6 0.503125 0.6640625 0.3234375000000001 0.6640625 0.3234375000000001 0.9328125 0.5031250000000002 0.9328125
6 0.3281250000000001 0.64375 0.15000000000000008 0.64375 0.1500000000000001 0.9140625 0.3281250000000001 0.9140625
6 0.2828125000000001 0.6390625 0.0750000000000001 0.6390625 0.0750000000000001 0.9671875 0.2828125000000001 0.9671875
6 0.1062500000000001 0.6484375 0.014062500000000078 0.6484375 0.014062500000000094 0.8859375 0.1062500000000001 0.8859375
6 0.6265625 0.621875 0.584375 0.621875 0.584375 0.7109375 0.6265625 0.7109375
6 1 0.6156250000000002 0.9421875 0.6156250000000002 0.9421875 0.7734375000000002 1 0.7734375000000002
6 0.9515625 0.6312500000000002 0.9015625 0.6312500000000002 0.9015625 0.7140625000000002 0.9515625 0.7140625000000002
6 0.921875 0.6046875000000002 0.8546875 0.6046875000000002 0.8546875 0.7203125000000001 0.921875 0.7203125000000001
7 0.3656250000000001 0.596875 0.3453125000000001 0.596875 0.3453125000000001 0.6984375 0.3656250000000001 0.6984375