7 0.34375000000000006 0.3109375 0.23125 0.3109375 0.23125000000000004 0.6875 0.3437500000000001 0.6875
7 0.5 0.4046875 0.425 0.4046875 0.425 0.6578125 0.5 0.6578125
7 0.2093750000000001 0.4375 0.050000000000000044 0.4375 0.050000000000000065 0.7109375 0.2093750000000001 0.7109375
7 0.9546875 0.4125000000000002 0.8796875 0.4125000000000002 0.8796875 0.6687500000000002 0.9546875 0.6687500000000002
7 0.8703125 0.2921875000000001 0.7765625 0.2921875000000001 0.7765625 0.5421875000000002 0.8703125 0.5421875000000002
7 0.7265625 0.3437500000000001 0.6953125 0.3437500000000001 0.6953125 0.5265625 0.7265625 0.5265625000000002
7 0.69375 0.31718750000000007 0.64375 0.31718750000000007 0.64375 0.553125 0.69375 0.553125
7 0.659375 0.3234375000000001 0.59375 0.3234375000000001 0.59375 0.4984375 0.659375 0.4984375
7 0.575 0.2953125000000001 0.5265625 0.2953125000000001 0.5265625 0.5484375 0.575 0.5484375
7 0.546875 0.3234375000000001 0.4921875 0.3234375000000001 0.4921875 0.5265625 0.546875 0.5265625
7 0.4703125 0.3046875000000001 0.4078125 0.3046875000000001 0.4078125 0.5015625 0.4703125 0.5015625
7 0.4140625 0.3218750000000001 0.3671875 0.3218750000000001 0.36718750000000006 0.4828125 0.4140625 0.4828125
7 0.2156250000000001 0.3734375 0.16406250000000006 0.3734375 0.16406250000000006 0.5015625 0.2156250000000001 0.5015625
10 0.20468750000000008 0.5359375 6.563341439180346e-17 0.5359375 8.429014297256392e-17 0.840625 0.20468750000000008 0.840625