7 0.5531250000000001 0.525 0.4765625 0.525 0.4765625000000001 0.8484375 0.5531250000000002 0.8484375
7 0.4781250000000001 0.5359375 0.3890625000000001 0.5359375 0.3890625000000001 0.746875 0.4781250000000002 0.746875
7 0.3671875000000001 0.45625 0.30937500000000007 0.45625 0.30937500000000007 0.6671875 0.3671875000000001 0.6671875
7 0.29375000000000007 0.4671875 0.2312500000000001 0.4671875 0.2312500000000001 0.6875 0.29375000000000007 0.6875
7 0.26875000000000004 0.35625 0.2046875 0.35625 0.20468750000000005 0.6109375 0.2687500000000001 0.6109375
7 0.17187500000000006 0.40625 0.09843750000000004 0.40625 0.09843750000000007 0.646875 0.17187500000000008 0.646875
7 0.8359375 0.5937500000000002 0.7546875 0.5937500000000002 0.7546875000000001 0.9484375 0.8359375 0.9484375
7 1 0.5171875000000001 0.909375 0.5171875000000001 0.909375 0.8234375 1 0.8234375
7 0.9265625 0.4906250000000002 0.8296875 0.4906250000000002 0.8296875 0.7390625000000002 0.9265625 0.7390625000000002
7 0.7828125 0.4484375000000001 0.690625 0.4484375 0.690625 0.6890625000000001 0.7828125 0.6890625000000001
7 0.696875 0.4546875 0.609375 0.4546875 0.609375 0.678125 0.696875 0.678125
7 0.6328125 0.453125 0.5484375 0.453125 0.5484375 0.646875 0.6328125 0.646875
7 0.5359375 0.446875 0.4703125 0.446875 0.4703125 0.596875 0.5359375 0.596875
7 0.471875 0.4359375 0.3906250000000001 0.4359375 0.3906250000000001 0.603125 0.471875 0.603125
10 1 0.7750000000000001 0.871875 0.7750000000000001 0.871875 1 1 1