6 0.8703125 0.6531250000000001 0.5625 0.653125 0.5625000000000001 0.971875 0.8703125 0.971875
6 0.9796875 0.628125 0.7015625 0.628125 0.7015625000000001 0.9375 0.9796875 0.9375
6 1 0.6953125000000002 0.9578125 0.6953125000000002 0.9578125 0.8203125 1 0.8203125
9 0.86875 0.6343750000000001 0.4921875 0.634375 0.4921875000000001 0.859375 0.86875 0.859375
6 0.42656250000000007 0.659375 0.3843750000000001 0.659375 0.3843750000000001 0.7484375 0.4265625000000002 0.7484375
6 0.3656250000000001 0.64375 0.3187500000000001 0.64375 0.3187500000000001 0.7671875 0.3656250000000001 0.7671875
6 0.2968750000000001 0.659375 0.2593750000000001 0.659375 0.2593750000000001 0.7375 0.2968750000000001 0.7375
6 0.09687500000000007 0.6296875 0.028125000000000077 0.6296875 0.028125000000000084 0.728125 0.09687500000000009 0.728125
6 0.1312500000000001 0.6640625 0.09218750000000009 0.6640625 0.09218750000000009 0.73125 0.1312500000000001 0.73125
6 0.25468750000000007 0.66875 0.20468750000000008 0.66875 0.20468750000000008 0.74375 0.25468750000000007 0.74375
6 0.2062500000000001 0.6765625 0.18125000000000008 0.6765625 0.18125000000000008 0.734375 0.2062500000000001 0.734375
6 0.5437500000000001 0.646875 0.503125 0.646875 0.503125 0.7453125 0.5437500000000002 0.7453125