9 0.7390625000000001 0.6921875000000001 0.4265625 0.6921875 0.42656250000000007 0.83125 0.7390625000000002 0.83125
9 1 0.6640625000000002 0.7296875 0.6640625000000002 0.7296875 0.7781250000000002 1 0.7781250000000002
9 0.4750000000000001 0.640625 0.3140625000000001 0.640625 0.3140625000000001 0.7453125 0.4750000000000002 0.7453125
9 0.5515625 0.6453125 0.4625 0.6453125 0.4625 0.7171875 0.5515625 0.7171875
9 0.3359375000000001 0.6515625 0.17968750000000008 0.6515625 0.17968750000000008 0.740625 0.3359375000000001 0.740625
9 0.2890625000000001 0.70625 8.649068018978182e-17 0.70625 9.959822796190584e-17 0.9203125 0.2890625000000001 0.9203125
9 0.11250000000000009 0.640625 0.010937500000000077 0.640625 0.010937500000000083 0.7203125 0.11250000000000009 0.7203125
7 0.48125000000000007 0.66875 0.3609375000000001 0.66875 0.3609375000000001 0.89375 0.4812500000000002 0.89375
7 0.803125 0.6296875000000002 0.765625 0.6296875000000002 0.7656250000000001 0.7796875000000002 0.803125 0.7796875000000002
7 0.7359375000000001 0.6421875000000001 0.69375 0.6421875 0.6937500000000001 0.7468750000000001 0.7359375000000001 0.7468750000000002
7 1 0.6218750000000002 0.9421875 0.6218750000000002 0.9421875 0.6937500000000002 1 0.6937500000000002
7 0.6984375 0.6421875 0.6359375 0.6421875 0.6359375 0.7484375 0.6984375000000002 0.7484375
6 0.9890625 0.7000000000000002 0.8171875 0.7000000000000002 0.8171875 0.853125 0.9890625 0.853125