6 0.9953125 0.41406250000000017 0.8265625 0.41406250000000017 0.8265625 0.6906250000000002 0.9953125 0.6906250000000002
6 0.809375 0.3859375000000001 0.6109375 0.3859375000000001 0.6109375 0.6390625000000001 0.809375 0.6390625000000002
6 0.6453125 0.38750000000000007 0.475 0.38750000000000007 0.475 0.6578125 0.6453125 0.6578125
6 0.50625 0.36406250000000007 0.3906250000000001 0.36406250000000007 0.3906250000000001 0.5890625 0.50625 0.5890625
7 0.4046875 0.37968750000000007 0.22812500000000008 0.3796875 0.22812500000000008 0.5203125 0.4046875 0.5203125
7 0.2 0.25 0.15625000000000006 0.25 0.15625000000000006 0.3625 0.2 0.3625
7 0.08593750000000003 0.25 0.050000000000000024 0.25 0.05000000000000003 0.371875 0.08593750000000004 0.371875
7 0.359375 0.2203125 0.3265625 0.2203125 0.3265625 0.2984375 0.359375 0.2984375
7 0.3203125 0.2296875 0.2890625 0.2296875 0.2890625 0.325 0.3203125 0.325
7 0.2921875 0.2390625 0.2625 0.2390625 0.2625 0.3328125 0.2921875 0.3328125
7 0.271875 0.2375 0.234375 0.2375 0.234375 0.334375 0.271875 0.334375
7 0.3890625 0.2171875000000001 0.371875 0.2171875000000001 0.371875 0.2671875000000001 0.3890625 0.2671875000000001
7 0.328125 0.2015625 0.3109375 0.2015625 0.3109375 0.253125 0.328125 0.253125
7 0.36875 0.21718750000000003 0.3546875 0.2171875 0.3546875 0.26875000000000004 0.36875 0.2687500000000001
7 0.65625 0.2468750000000001 0.5484375 0.2468750000000001 0.5484375 0.5265625 0.65625 0.5265625
7 0.5640625 0.2328125000000001 0.46875 0.2328125000000001 0.46875 0.43125 0.5640625 0.43125
7 0.4 0.24375000000000005 0.334375 0.24375 0.33437500000000003 0.39687500000000003 0.4 0.3968750000000001
7 0.80625 0.2296875000000001 0.7484375 0.2296875000000001 0.7484375 0.4156250000000002 0.80625 0.4156250000000002
7 0.86875 0.2093750000000001 0.8125 0.2093750000000001 0.8125 0.38750000000000007 0.86875 0.38750000000000007
7 1 0.2250000000000001 0.9125 0.2250000000000001 0.9125 0.5250000000000001 1 0.5250000000000001
7 0.7 0.2593750000000001 0.675 0.2593750000000001 0.675 0.3609375000000001 0.7 0.3609375000000001