2 0.1359375000000001 0.6984375 0.05156250000000009 0.6984375 0.0515625000000001 0.996875 0.13593750000000013 0.996875
2 0.10781250000000006 0.4203125 0.05625000000000004 0.4203125 0.05625000000000006 0.5796875 0.10781250000000009 0.5796875
2 0.12656250000000008 0.3875 0.08593750000000004 0.3875 0.08593750000000006 0.590625 0.12656250000000008 0.590625
2 0.19531250000000006 0.4 0.14687500000000003 0.4 0.14687500000000006 0.5953125 0.19531250000000008 0.5953125
2 0.22812500000000008 0.3984375 0.18750000000000006 0.3984375 0.18750000000000006 0.575 0.22812500000000008 0.575
2 0.26250000000000007 0.384375 0.21875000000000008 0.384375 0.21875000000000008 0.584375 0.26250000000000007 0.584375
2 0.3031250000000001 0.375 0.2609375000000001 0.375 0.2609375000000001 0.5671875 0.3031250000000001 0.5671875
2 0.3593750000000001 0.375 0.3000000000000001 0.375 0.3000000000000001 0.5875 0.3593750000000001 0.5875
2 0.6890625 0.3937500000000001 0.5984375 0.3937500000000001 0.5984375 0.5375 0.6890625 0.5375
2 0.7328125 0.4156250000000001 0.6828125 0.415625 0.6828125 0.5109375 0.7328125 0.5109375000000002
2 0.784375 0.4062500000000001 0.7203125 0.40625 0.7203125 0.5203125000000001 0.784375 0.5203125000000002
2 0.8328125 0.35625000000000007 0.771875 0.35625000000000007 0.771875 0.48750000000000016 0.8328125 0.48750000000000016
10 0.9875 0.6421875000000001 0.6875 0.6421875 0.6875000000000001 1 0.9875 1
10 0.7640625000000001 0.49687500000000007 0.565625 0.496875 0.565625 0.934375 0.7640625000000002 0.934375
8 0.503125 0.69375 8.495987169084762e-17 0.69375 1.0371227580279148e-16 1 0.5031250000000002 1
5 0.2656250000000001 0.815625 0.19531250000000008 0.815625 0.1953125000000001 0.9984375 0.2656250000000001 0.9984375