3 0.8734375 0.46562500000000007 0.09687500000000007 0.465625 0.09687500000000007 0.7500000000000001 0.8734375 0.7500000000000002
7 0.39531250000000007 0.534375 0.37187500000000007 0.534375 0.37187500000000007 0.665625 0.39531250000000007 0.665625
7 0.4421875 0.53125 0.4109375 0.53125 0.4109375 0.659375 0.4421875 0.659375
7 0.3750000000000001 0.5328125 0.3359375000000001 0.5328125 0.3359375000000001 0.6171875 0.3750000000000001 0.6171875
7 0.3218750000000001 0.48125 0.2843750000000001 0.48125 0.2843750000000001 0.6234375 0.3218750000000001 0.6234375
7 0.2750000000000001 0.540625 0.2484375000000001 0.540625 0.2484375000000001 0.6234375 0.2750000000000001 0.6234375
7 0.2140625000000001 0.540625 0.16093750000000004 0.540625 0.16093750000000007 0.6015625 0.2140625000000001 0.6015625
7 0.4875 0.5375 0.4609375 0.5375 0.4609375 0.615625 0.4875 0.615625
7 0.528125 0.53125 0.496875 0.53125 0.496875 0.6078125 0.528125 0.6078125
7 0.6953125 0.5 0.6609375 0.5 0.6609375 0.5859375 0.6953125 0.5859375
7 0.7296875 0.5093750000000001 0.696875 0.509375 0.696875 0.5765625000000001 0.7296875 0.5765625000000002
7 0.7796875 0.5000000000000002 0.74375 0.5000000000000002 0.74375 0.5875000000000001 0.7796875 0.5875000000000001
7 0.603125 0.5203125 0.5609375 0.5203125 0.5609375 0.65625 0.603125 0.65625