10 0.3828125000000001 0.5609375 0.1453125000000001 0.5609375 0.14531250000000012 0.996875 0.3828125000000001 0.996875
10 0.6531250000000001 0.628125 0.3687500000000001 0.628125 0.3687500000000001 1 0.6531250000000002 1
10 0.7406250000000001 0.5687500000000001 0.578125 0.56875 0.5781250000000001 1 0.7406250000000002 1
10 0.5484375 0.4828125 0.4578125 0.4828125 0.4578125 0.659375 0.5484375 0.659375
10 0.434375 0.5078125 0.2812500000000001 0.5078125 0.2812500000000001 0.63125 0.434375 0.63125
10 0.5125 0.3859375000000001 0.440625 0.3859375000000001 0.440625 0.5734375 0.5125 0.5734375
10 0.8546875 0.5375000000000001 0.6765625 0.5375 0.6765625000000001 0.90625 0.8546875 0.90625
10 0.9984375 0.6968750000000001 0.871875 0.6968750000000001 0.871875 1 0.9984375 1
10 0.975 0.49531250000000016 0.8796875 0.49531250000000016 0.8796875 0.6062500000000002 0.975 0.6062500000000002
10 0.934375 0.41406250000000017 0.890625 0.41406250000000017 0.890625 0.48437500000000017 0.934375 0.48437500000000017
8 0.6390625000000001 0.5390625 0.2531250000000001 0.5390625 0.2531250000000001 1 0.6390625000000002 1
8 1 0.4156250000000002 0.9234375 0.4156250000000002 0.9234375 0.5250000000000001 1 0.5250000000000001
8 0.9421875 0.4265625000000002 0.834375 0.4265625000000002 0.834375 0.49218750000000017 0.9421875 0.49218750000000017
8 0.7656250000000001 0.4984375000000001 0.5609375 0.4984375 0.5609375000000001 0.90625 0.7656250000000002 0.90625
7 0.853125 0.33281250000000007 0.721875 0.33281250000000007 0.721875 0.8890625 0.853125 0.8890625
7 0.646875 0.2687500000000001 0.4859375 0.2687500000000001 0.4859375 0.6796875 0.646875 0.6796875
7 0.6859375 0.2593750000000001 0.5890625 0.2593750000000001 0.5890625 0.46875 0.6859375 0.46875
7 0.2828125 0.234375 0.14531250000000004 0.234375 0.14531250000000007 0.5875 0.2828125000000001 0.5875