10 0.5984375000000001 0.7125 0.2640625000000001 0.7125 0.2640625000000001 1 0.5984375000000002 1
10 0.7609375 0.6296875000000001 0.5734375 0.6296875 0.5734375 1 0.7609375000000002 1
10 0.9671875 0.5625000000000002 0.775 0.5625000000000002 0.7750000000000001 1 0.9671875 1
10 0.725 0.425 0.6453125 0.425 0.6453125 0.5625 0.725 0.5625
10 0.8078125 0.42187500000000017 0.740625 0.42187500000000017 0.740625 0.5593750000000002 0.8078125 0.5593750000000002
10 0.871875 0.42500000000000016 0.81875 0.42500000000000016 0.81875 0.5546875000000002 0.871875 0.5546875000000002
10 0.5390625 0.4671875 0.4421875 0.4671875 0.4421875 0.63125 0.5390625 0.63125
10 0.4359375 0.44375 0.3234375000000001 0.44375 0.3234375000000001 0.665625 0.4359375 0.665625
10 0.2968750000000001 0.4703125 0.14375000000000004 0.4703125 0.14375000000000007 0.6859375 0.2968750000000001 0.6859375
10 0.13750000000000007 0.5140625 6.295449951866863e-17 0.5140625 7.567934516605909e-17 0.721875 0.1375000000000001 0.721875
5 0.2828125000000001 0.6359375 0.2250000000000001 0.6359375 0.2250000000000001 0.803125 0.2828125000000001 0.803125
5 0.22031250000000008 0.58125 0.17187500000000008 0.58125 0.17187500000000008 0.7171875 0.22031250000000008 0.7171875
5 0.4218750000000001 0.6140625 0.3781250000000001 0.6140625 0.3781250000000001 0.7265625 0.42187500000000017 0.7265625
5 0.403125 0.55 0.3656250000000001 0.55 0.3656250000000001 0.61875 0.403125 0.61875
5 0.5703125 0.58125 0.528125 0.58125 0.528125 0.68125 0.5703125 0.68125
5 0.559375 0.5265625 0.521875 0.5265625 0.521875 0.5921875 0.559375 0.5921875
5 0.17656250000000004 0.4515625 0.14218750000000005 0.4515625 0.14218750000000005 0.5296875 0.17656250000000004 0.5296875
5 0.13281250000000006 0.4578125 0.07187500000000006 0.4578125 0.07187500000000006 0.521875 0.13281250000000006 0.521875
5 0.026562500000000062 0.465625 5.702261658529863e-17 0.465625 6.104098889500088e-17 0.53125 0.026562500000000065 0.53125
5 1 0.4593750000000002 0.965625 0.4593750000000002 0.965625 0.5359375000000002 1 0.5359375000000002
5 0.9359375 0.4390625000000002 0.890625 0.4390625000000002 0.890625 0.5203125000000002 0.9359375 0.5203125000000002
5 0.796875 0.5078125000000002 0.7640625 0.5078125000000002 0.7640625 0.5828125000000002 0.796875 0.5828125000000002
5 0.7703125 0.40937500000000016 0.7390625 0.40937500000000016 0.7390625 0.47656250000000017 0.7703125 0.47656250000000017
5 0.7359375 0.5390625000000001 0.6828125 0.5390625 0.6828125 0.6453125000000001 0.7359375 0.6453125000000002
5 0.8734375 0.4968750000000002 0.840625 0.4968750000000002 0.840625 0.5843750000000002 0.8734375 0.5843750000000002