2 0.2093750000000001 0.5265625 0.15000000000000005 0.5265625 0.15000000000000008 0.7375 0.2093750000000001 0.7375
2 0.7765625000000002 0.80625 0.7125000000000001 0.80625 0.7125000000000001 0.9296875 0.7765625000000002 0.9296875
7 0.9453125 0.2687500000000001 0.7375 0.2687500000000001 0.7375 0.6125000000000002 0.9453125 0.6125000000000002
7 1 0.5265625000000002 0.759375 0.5265625000000002 0.7593750000000001 0.878125 1 0.878125
7 0.425 0.22031250000000005 0.2265625 0.2203125 0.22656250000000006 0.646875 0.425 0.646875
8 0.2171875000000001 0.39375 0.07187500000000005 0.39375 0.07187500000000005 0.5875 0.2171875000000001 0.5875
8 0.39531250000000007 0.6546875 8.017609513167828e-17 0.6546875 9.778039286942148e-17 0.9421875 0.39531250000000007 0.9421875
10 1 0.30000000000000004 0.203125 0.3 0.20312500000000006 0.6718750000000001 1 0.6718750000000002
10 1 0.64375 0.615625 0.64375 0.6156250000000001 1 1 1
5 0.08437500000000009 0.65 0.023437500000000076 0.65 0.023437500000000087 0.7828125 0.08437500000000009 0.7828125
5 0.4859375 0.43125 0.4296875 0.43125 0.4296875 0.5359375 0.4859375 0.5359375