1 0.29375000000000007 0.5125 0.2015625000000001 0.5125 0.2015625000000001 0.5796875 0.29375000000000007 0.5796875
1 0.5734375 0.528125 0.49375 0.528125 0.49375 0.6234375 0.5734375 0.6234375
1 0.496875 0.5109375 0.446875 0.5109375 0.446875 0.5859375 0.496875 0.5859375
1 0.43125 0.5046875 0.35625000000000007 0.5046875 0.35625000000000007 0.590625 0.43125 0.590625
7 0.6656250000000001 0.6703125 0.6390625 0.6703125 0.6390625000000001 0.7765625 0.6656250000000001 0.7765625
7 0.2796875000000001 0.71875 0.2468750000000001 0.71875 0.2468750000000001 0.8046875 0.2796875000000001 0.8046875
7 0.29375000000000007 0.7515625 0.2578125000000001 0.7515625 0.2578125000000001 0.890625 0.29375000000000007 0.890625
7 0.5093750000000001 0.684375 0.478125 0.684375 0.4781250000000001 0.8 0.5093750000000001 0.8
7 0.5296875000000001 0.66875 0.5 0.66875 0.5000000000000001 0.8015625 0.5296875000000002 0.8015625
7 0.5546875000000001 0.684375 0.5234375 0.684375 0.5234375000000001 0.815625 0.5546875000000002 0.815625
7 0.6125 0.6671875 0.56875 0.6671875 0.5687500000000001 0.784375 0.6125000000000002 0.784375
7 0.6234375 0.6265625 0.5859375 0.6265625 0.5859375 0.7046875 0.6234375 0.7046875
7 0.4203125000000001 0.65 0.3921875000000001 0.65 0.3921875000000001 0.753125 0.4203125000000002 0.753125