6 0.9703125 0.5578125000000002 0.7734375 0.5578125000000002 0.7734375000000001 0.7921875000000002 0.9703125 0.7921875000000002
6 0.7984375000000001 0.5546875000000001 0.659375 0.5546875 0.659375 0.803125 0.7984375000000001 0.803125
6 0.6765625000000001 0.5890625 0.515625 0.5890625 0.5156250000000001 0.80625 0.6765625000000002 0.80625
6 0.4875000000000001 0.603125 0.3546875000000001 0.603125 0.3546875000000001 0.8140625 0.48750000000000016 0.8140625
6 0.3750000000000001 0.5609375 0.2640625000000001 0.5609375 0.2640625000000001 0.78125 0.3750000000000001 0.78125
6 0.2843750000000001 0.56875 0.19687500000000008 0.56875 0.19687500000000008 0.796875 0.2843750000000001 0.796875
6 0.21250000000000008 0.559375 0.1437500000000001 0.559375 0.1437500000000001 0.7984375 0.21250000000000008 0.7984375
6 0.1359375000000001 0.575 0.06875000000000006 0.575 0.06875000000000007 0.753125 0.1359375000000001 0.753125
6 0.05312500000000009 0.63125 7.730582919617668e-17 0.63125 8.964797271883358e-17 0.8328125 0.05312500000000011 0.8328125
7 0.07812500000000008 0.5046875 0.023437500000000062 0.5046875 0.023437500000000073 0.659375 0.07812500000000008 0.659375
7 0.10156250000000007 0.490625 0.06406250000000006 0.490625 0.06406250000000006 0.6171875 0.10156250000000008 0.6171875
7 0.4484375 0.503125 0.3703125000000001 0.503125 0.3703125000000001 0.621875 0.4484375 0.621875