3 0.5578125 0.30156250000000007 0.026562500000000034 0.3015625 0.02656250000000005 0.5796875 0.5578125 0.5796875
7 0.55625 0.3984375000000001 0.5125 0.3984375000000001 0.5125 0.546875 0.55625 0.546875
7 0.596875 0.3968750000000001 0.5625 0.3968750000000001 0.5625 0.528125 0.596875 0.528125
7 0.6265625 0.4 0.5890625 0.4 0.5890625 0.50625 0.6265625 0.50625
7 0.6671875 0.39531250000000007 0.6171875 0.39531250000000007 0.6171875 0.51875 0.6671875 0.51875
7 0.7015625 0.3828125000000001 0.646875 0.3828125000000001 0.646875 0.5140625 0.7015625 0.5140625
7 0.725 0.4 0.684375 0.4 0.684375 0.5125 0.725 0.5125
7 0.753125 0.4046875000000001 0.7140625 0.4046875 0.7140625 0.5203125000000001 0.753125 0.5203125000000002
7 0.796875 0.3984375000000001 0.7359375 0.3984375000000001 0.7359375 0.5171875000000001 0.796875 0.5171875000000001
7 0.85 0.4000000000000002 0.7875 0.4000000000000002 0.7875 0.5140625000000002 0.85 0.5140625000000002
7 0.90625 0.40156250000000016 0.853125 0.40156250000000016 0.853125 0.5203125000000002 0.90625 0.5203125000000002