10 0.042187500000000086 0.6171875 7.558366963487571e-17 0.6171875 8.467284509729747e-17 0.765625 0.042187500000000086 0.765625
10 0.07187500000000008 0.621875 0.03437500000000008 0.621875 0.034375000000000086 0.75625 0.07187500000000009 0.75625
10 0.1140625000000001 0.603125 0.06562500000000007 0.603125 0.06562500000000007 0.7890625 0.1140625000000001 0.7890625
10 0.15000000000000008 0.60625 0.11093750000000009 0.60625 0.11093750000000009 0.759375 0.15000000000000008 0.759375
10 0.3078125000000001 0.615625 0.22656250000000008 0.615625 0.22656250000000008 0.7703125 0.3078125000000001 0.7703125
10 0.5015625000000001 0.609375 0.446875 0.609375 0.4468750000000001 0.7359375 0.5015625000000001 0.7359375
10 0.5296875 0.584375 0.4875 0.584375 0.4875 0.690625 0.5296875 0.690625
7 1 0.1734375000000001 0.890625 0.17343750000000008 0.890625 0.96875 1 0.96875
7 0.809375 0.2093750000000001 0.6578125 0.2093750000000001 0.6578125000000001 0.8984375 0.809375 0.8984375
7 0.6875000000000001 0.15937500000000007 0.4578125 0.15937500000000004 0.45781250000000007 0.9453125 0.6875000000000002 0.9453125
7 0.5109375 0.16406250000000006 0.284375 0.16406250000000006 0.28437500000000004 0.959375 0.5109375000000002 0.959375
7 0.3375 0.03281250000000003 0.08125 0.03281250000000001 0.08125000000000007 1 0.3375000000000001 1