7 0.4515625 0.5015625 0.40625 0.5015625 0.40625 0.6671875 0.4515625 0.6671875
7 0.415625 0.509375 0.3625000000000001 0.509375 0.3625000000000001 0.65 0.415625 0.65
7 0.12968750000000007 0.4265625 0.09218750000000005 0.4265625 0.09218750000000006 0.55 0.1296875000000001 0.55
7 0.2656250000000001 0.4046875 0.2000000000000001 0.4046875 0.2000000000000001 0.6578125 0.2656250000000001 0.6578125
7 0.5234375 0.4484375 0.4890625 0.4484375 0.4890625 0.64375 0.5234375 0.64375
7 0.625 0.5109375 0.5765625 0.5109375 0.5765625 0.6984375 0.625 0.6984375
7 0.6515625 0.45 0.5921875 0.45 0.5921875 0.625 0.6515625 0.625
7 0.6984375 0.4828125 0.6546875 0.4828125 0.6546875 0.6640625 0.6984375 0.6640625
7 0.75625 0.4781250000000001 0.7109375 0.478125 0.7109375 0.6578125000000001 0.75625 0.6578125000000001
7 0.80625 0.5062500000000002 0.765625 0.5062500000000002 0.765625 0.6484375000000002 0.80625 0.6484375000000002
3 0.9828125 0.23750000000000004 2.9085361479749636e-17 0.2375 7.300043029292426e-17 0.9546875 0.9828125 0.9546875