6 0.8125 0.5406250000000001 0.44375 0.540625 0.4437500000000001 0.9265625 0.8125 0.9265625
6 1 0.49218750000000017 0.8234375 0.49218750000000017 0.8234375 0.809375 1 0.809375
6 0.3000000000000001 0.3984375 0.16250000000000003 0.3984375 0.16250000000000006 0.6171875 0.3000000000000001 0.6171875
6 0.37812500000000004 0.3296875 0.24375 0.3296875 0.24375000000000005 0.5171875 0.3781250000000001 0.5171875
6 0.5484375 0.4640625 0.3703125000000001 0.4640625 0.3703125000000001 0.6890625 0.5484375 0.6890625
6 0.18750000000000006 0.390625 0.12343750000000005 0.390625 0.12343750000000005 0.5421875 0.18750000000000006 0.5421875
6 0.15000000000000005 0.3375 0.07968750000000005 0.3375 0.07968750000000005 0.4828125 0.15000000000000005 0.4828125
7 0.37343750000000003 0.25625000000000003 0.2734375 0.25625 0.27343750000000006 0.45 0.3734375000000001 0.45
7 0.259375 0.2640625 0.16093750000000004 0.2640625 0.16093750000000007 0.546875 0.2593750000000001 0.546875
7 0.18906250000000005 0.221875 0.13437500000000005 0.221875 0.13437500000000005 0.4609375 0.18906250000000005 0.4609375
7 0.12656250000000005 0.25625 0.08125000000000002 0.25625 0.08125000000000004 0.4671875 0.12656250000000005 0.4671875
7 0.03437500000000005 0.28125 0.0046875000000000345 0.28125 0.004687500000000048 0.50625 0.034375000000000065 0.50625
7 0.4453125 0.2015625000000001 0.3984375 0.2015625000000001 0.3984375 0.2968750000000001 0.4453125 0.2968750000000001
7 0.434375 0.2812500000000001 0.3828125 0.2812500000000001 0.38281250000000006 0.6 0.434375 0.6
7 0.5046875 0.2640625000000001 0.4265625 0.2640625000000001 0.4265625 0.721875 0.5046875 0.721875
7 0.5296875 0.19687500000000005 0.5015625 0.19687500000000005 0.5015625 0.3187500000000001 0.5296875 0.3187500000000001
7 0.546875 0.2687500000000001 0.50625 0.2687500000000001 0.50625 0.415625 0.546875 0.415625
7 0.6015625 0.2078125000000001 0.546875 0.2078125000000001 0.546875 0.4421875 0.6015625 0.4421875
7 0.7015625000000001 0.2578125000000001 0.51875 0.2578125000000001 0.51875 1 0.7015625000000002 1
7 1 0.19843750000000013 0.9078125 0.19843750000000013 0.9078125 0.6375000000000002 1 0.6375000000000002
7 0.915625 0.2171875000000001 0.8359375 0.2171875000000001 0.8359375 0.5234375000000002 0.915625 0.5234375000000002
7 0.8015625 0.2640625000000001 0.7171875 0.2640625000000001 0.7171875 0.6078125000000001 0.8015625 0.6078125000000002
9 0.9109375 0.20312500000000008 0.58125 0.20312500000000008 0.58125 0.4687500000000001 0.9109375 0.46875000000000017