7 0.73125 0.4390625000000001 0.628125 0.4390625 0.628125 0.690625 0.73125 0.6906250000000002
7 0.5265625 0.35625000000000007 0.4359375 0.35625000000000007 0.4359375 0.721875 0.5265625 0.721875
7 0.6546875 0.3203125000000001 0.5765625 0.3203125000000001 0.5765625 0.503125 0.6546875 0.503125
7 0.4468750000000001 0.38125000000000003 0.35625000000000007 0.38125 0.35625000000000007 0.734375 0.4468750000000002 0.734375
7 0.3750000000000001 0.37187500000000007 0.2640625000000001 0.371875 0.2640625000000001 0.7265625 0.3750000000000001 0.7265625
2 0.915625 0.5296875000000002 0.840625 0.5296875000000002 0.840625 0.7046875000000001 0.915625 0.7046875000000001
2 0.5796875 0.5328125 0.53125 0.5328125 0.53125 0.6875 0.5796875 0.6875
10 0.7015625000000001 0.71875 0.45625 0.71875 0.4562500000000001 1 0.7015625000000002 1
10 1 0.7812500000000002 0.8015625 0.7812500000000002 0.8015625 0.9703125 1 0.9703125
2 0.2484375000000001 0.628125 0.1984375000000001 0.628125 0.1984375000000001 0.7484375 0.2484375000000001 0.7484375
2 0.23437500000000008 0.5671875 0.1781250000000001 0.5671875 0.1781250000000001 0.7046875 0.23437500000000008 0.7046875