1 0.5875000000000001 0.6640625 0.4390625 0.6640625 0.4390625000000001 0.8125 0.5875000000000001 0.8125
1 0.6234375 0.609375 0.5109375 0.609375 0.5109375 0.7140625 0.6234375 0.7140625
1 0.671875 0.6015625 0.5765625 0.6015625 0.5765625 0.659375 0.671875 0.659375
1 0.8609375 0.6343750000000001 0.76875 0.6343750000000001 0.76875 0.7296875000000002 0.8609375 0.7296875000000002
1 0.7953125 0.5843750000000002 0.75 0.5843750000000002 0.75 0.6593750000000002 0.7953125 0.6593750000000002
9 0.4890625 0.5375 0.425 0.5375 0.425 0.634375 0.4890625 0.634375
9 0.5453125 0.5328125 0.46875 0.5328125 0.46875 0.625 0.5453125 0.625
9 0.590625 0.5484375 0.5375 0.5484375 0.5375 0.61875 0.590625 0.61875
9 0.9 0.5718750000000001 0.8625 0.5718750000000001 0.8625 0.6375000000000002 0.9 0.6375000000000002
9 1 0.5921875000000002 0.9328125 0.5921875000000002 0.9328125 0.7312500000000002 1 0.7312500000000002
9 0.86875 0.5640625000000001 0.8296875 0.5640625000000001 0.8296875 0.6296875000000002 0.86875 0.6296875000000002
9 0.8359375 0.5390625000000002 0.78125 0.5390625000000002 0.78125 0.6203125000000002 0.8359375 0.6203125000000002
0 0.07968750000000008 0.5390625 6.6016116516537e-17 0.5390625 8.113285044351215e-17 0.7859375 0.07968750000000009 0.7859375
0 0.12500000000000008 0.5796875 0.029687500000000068 0.5796875 0.02968750000000008 0.765625 0.12500000000000008 0.765625
0 0.22656250000000008 0.55 0.10468750000000009 0.55 0.10468750000000009 0.778125 0.22656250000000008 0.778125
0 0.3453125000000001 0.5734375 0.1906250000000001 0.5734375 0.1906250000000001 0.7578125 0.3453125000000001 0.7578125
0 0.3843750000000001 0.5890625 0.3203125000000001 0.5890625 0.3203125000000001 0.7 0.3843750000000001 0.7
0 0.4328125 0.5625 0.3843750000000001 0.5625 0.3843750000000001 0.69375 0.4328125 0.69375