7 1 0.2656250000000001 0.909375 0.2656250000000001 0.909375 0.6765625000000002 1 0.6765625000000002
7 0.834375 0.3046875000000001 0.834375 0.3046875000000001 0.834375 0.3062500000000001 0.834375 0.3062500000000001
7 0.8921875 0.2468750000000001 0.8015625 0.2468750000000001 0.8015625 0.6078125000000002 0.8921875 0.6078125000000002
7 0.821875 0.34062500000000007 0.725 0.34062500000000007 0.725 0.7156250000000001 0.821875 0.7156250000000002
7 0.74375 0.3046875000000001 0.6765625 0.3046875000000001 0.6765625 0.5640625000000001 0.74375 0.5640625000000001
7 0.659375 0.2593750000000001 0.590625 0.2593750000000001 0.590625 0.56875 0.659375 0.56875
7 0.59375 0.2796875000000001 0.521875 0.2796875000000001 0.521875 0.58125 0.59375 0.58125
7 0.553125 0.2843750000000001 0.4828125 0.2843750000000001 0.4828125 0.5390625 0.553125 0.5390625
7 0.5 0.2734375000000001 0.4125 0.2734375000000001 0.4125 0.603125 0.5 0.603125
7 0.415625 0.28750000000000003 0.340625 0.2875 0.34062500000000007 0.540625 0.415625 0.540625
7 0.36718750000000006 0.290625 0.2953125 0.290625 0.29531250000000003 0.5234375 0.3671875000000001 0.5234375
7 0.32500000000000007 0.2875 0.2421875 0.2875 0.24218750000000006 0.6109375 0.32500000000000007 0.6109375
7 0.28593750000000007 0.23125 0.19687500000000005 0.23125 0.19687500000000005 0.4953125 0.28593750000000007 0.4953125
7 0.23593750000000005 0.28125 0.14531250000000004 0.28125 0.14531250000000004 0.5328125 0.23593750000000008 0.5328125
7 0.17187500000000006 0.234375 0.11250000000000004 0.234375 0.11250000000000004 0.4203125 0.17187500000000006 0.4203125
7 0.13437500000000008 0.2671875 0.05312500000000002 0.2671875 0.05312500000000005 0.559375 0.13437500000000008 0.559375
7 0.06718750000000004 0.2546875 0.00468750000000003 0.2546875 0.004687500000000046 0.503125 0.06718750000000007 0.503125
6 0.08906250000000007 0.459375 0.003125000000000057 0.459375 0.003125000000000072 0.7109375 0.08906250000000009 0.7109375
6 0.2093750000000001 0.4984375 0.09531250000000006 0.4984375 0.09531250000000008 0.7265625 0.2093750000000001 0.7265625
6 0.3218750000000001 0.4953125 0.21093750000000008 0.4953125 0.21093750000000008 0.7890625 0.3218750000000001 0.7890625
6 0.5562500000000001 0.4796875 0.3359375000000001 0.4796875 0.3359375000000001 0.7875 0.5562500000000001 0.7875
6 0.6875000000000001 0.4796875 0.5203125 0.4796875 0.5203125000000001 0.73125 0.6875000000000002 0.73125
6 0.7390625000000001 0.4921875000000001 0.6265625 0.4921875 0.6265625000000001 0.7390625000000001 0.7390625000000002 0.7390625000000002
6 0.8578125 0.6656250000000001 0.65 0.665625 0.6500000000000001 0.9484375 0.8578125 0.9484375
6 1 0.5531250000000002 0.8125 0.5531250000000002 0.8125 0.996875 1 0.996875
3 0.878125 0.04375000000000008 0.39375 0.043750000000000046 0.39375000000000004 0.3890625000000001 0.878125 0.3890625000000001