7 0.9390625 0.42968750000000017 0.884375 0.42968750000000017 0.884375 0.6953125000000002 0.9390625 0.6953125000000002
7 0.709375 0.440625 0.659375 0.440625 0.659375 0.6640625 0.709375 0.6640625
7 0.6546875 0.4015625 0.6109375 0.4015625 0.6109375 0.684375 0.6546875 0.684375
7 0.6109375 0.4234375 0.571875 0.4234375 0.571875 0.6625 0.6109375 0.6625
7 0.5859375 0.38750000000000007 0.5203125 0.38750000000000007 0.5203125 0.621875 0.5859375 0.621875
7 0.5328125 0.37968750000000007 0.4421875 0.37968750000000007 0.4421875 0.6453125 0.5328125 0.6453125
7 0.4671875 0.3734375000000001 0.4046875 0.3734375000000001 0.4046875 0.63125 0.4671875 0.63125
7 0.4328125 0.4 0.3671875000000001 0.4 0.3671875000000001 0.6390625 0.4328125 0.6390625
7 0.3812500000000001 0.4015625 0.3218750000000001 0.4015625 0.3218750000000001 0.671875 0.3812500000000001 0.671875
7 0.3453125000000001 0.4 0.2828125000000001 0.4 0.2828125000000001 0.6265625 0.3453125000000001 0.6265625
7 0.3078125000000001 0.375 0.2312500000000001 0.375 0.2312500000000001 0.6546875 0.3078125000000001 0.6546875
7 0.23593750000000008 0.403125 0.15156250000000004 0.403125 0.15156250000000007 0.6078125 0.23593750000000008 0.6078125
7 0.18906250000000008 0.40625 0.12031250000000004 0.40625 0.12031250000000007 0.625 0.18906250000000008 0.625
7 0.16875000000000007 0.3984375 0.08906250000000004 0.3984375 0.08906250000000007 0.6390625 0.1687500000000001 0.6390625
7 0.10000000000000006 0.3546875 0.021875000000000044 0.3546875 0.021875000000000058 0.5671875 0.10000000000000009 0.5671875
3 0.80625 0.16093750000000007 0.446875 0.16093750000000004 0.446875 0.5828125000000001 0.80625 0.5828125000000002
3 1 0.2500000000000001 0.7734375 0.2500000000000001 0.7734375 0.5203125000000002 1 0.5203125000000002
9 0.8390625 0.45781250000000007 0.6984375 0.4578125 0.6984375 0.6312500000000001 0.8390625 0.6312500000000002
9 0.890625 0.4359375000000002 0.8265625 0.4359375000000002 0.8265625 0.5890625000000002 0.890625 0.5890625000000002
9 1 0.44531250000000017 0.903125 0.44531250000000017 0.903125 0.5828125000000002 1 0.5828125000000002