2 0.825 0.3109375000000001 0.759375 0.3109375000000001 0.759375 0.5515625000000002 0.825 0.5515625000000002
2 0.9140625 0.3187500000000001 0.815625 0.3187500000000001 0.815625 0.5281250000000002 0.9140625 0.5281250000000002
2 0.7515625 0.2984375000000001 0.671875 0.2984375000000001 0.671875 0.565625 0.7515625 0.5656250000000002
2 0.6875 0.3046875000000001 0.6203125 0.3046875000000001 0.6203125 0.56875 0.6875 0.56875
2 0.5984375 0.28593750000000007 0.5421875 0.28593750000000007 0.5421875 0.5296875 0.5984375 0.5296875
2 0.5734375 0.6796875 0.496875 0.6796875 0.49687500000000007 0.8734375 0.5734375000000002 0.8734375
2 0.6140625000000001 0.6296875 0.546875 0.6296875 0.5468750000000001 0.8765625 0.6140625000000002 0.8765625
2 0.6781250000000001 0.6859375 0.625 0.6859375 0.6250000000000001 0.8765625 0.6781250000000002 0.8765625
2 0.7359375000000001 0.659375 0.6703125 0.659375 0.6703125000000001 0.8875 0.7359375000000001 0.8875
2 0.8078125 0.7125000000000001 0.7484375 0.7125000000000001 0.7484375000000001 0.8875 0.8078125 0.8875
2 0.8703125 0.7218750000000002 0.7828125 0.7218750000000002 0.7828125000000001 0.909375 0.8703125 0.909375