6 0.878125 0.3390625000000001 0.3875 0.3390625000000001 0.38750000000000007 0.9078125 0.878125 0.9078125
6 0.925 0.3078125000000001 0.7640625 0.3078125000000001 0.7640625 0.5578125000000002 0.925 0.5578125000000002
6 0.2796875000000001 0.6171875 7.558366963487571e-17 0.6171875 9.54841801210202e-17 0.9421875 0.2796875000000001 0.9421875
6 0.45000000000000007 0.37968750000000007 0.18281250000000004 0.3796875 0.18281250000000007 0.7265625 0.4500000000000002 0.7265625
6 0.23281250000000003 0.3328125 0.035937500000000046 0.3328125 0.03593750000000005 0.509375 0.2328125000000001 0.509375
7 0.5953125000000001 0.14843750000000006 0.3953125 0.14843750000000006 0.39531250000000007 0.76875 0.5953125000000001 0.76875
7 0.32343750000000004 0.2796875 0.2203125 0.2796875 0.22031250000000005 0.5921875 0.3234375000000001 0.5921875
7 0.4 0.22187500000000004 0.2671875 0.221875 0.2671875 0.690625 0.4 0.690625
7 0.7031250000000001 0.08281250000000008 0.521875 0.08281250000000007 0.5218750000000001 0.78125 0.7031250000000002 0.78125
7 0.6828125 0.24218750000000008 0.5859375 0.24218750000000008 0.5859375 0.528125 0.6828125 0.528125
7 0.8296875 0.1906250000000001 0.74375 0.1906250000000001 0.74375 0.47968750000000016 0.8296875 0.47968750000000016
7 0.7765625 0.21250000000000008 0.703125 0.21250000000000008 0.703125 0.4250000000000001 0.7765625 0.42500000000000016
7 0.734375 0.2156250000000001 0.6734375 0.2156250000000001 0.6734375 0.3890625000000001 0.734375 0.3890625000000001
9 1 0.1984375000000001 0.8546875 0.1984375000000001 0.8546875 0.4625000000000002 1 0.4625000000000002