7 0.7703125000000001 0.17343750000000008 0.521875 0.17343750000000005 0.5218750000000001 0.95625 0.7703125000000002 0.95625
7 0.603125 0.11562500000000009 0.55 0.11562500000000009 0.55 0.3906250000000001 0.603125 0.3906250000000001
7 0.671875 0.04062500000000008 0.6046875 0.04062500000000008 0.6046875 0.3000000000000001 0.671875 0.3000000000000001
7 0.809375 0.025000000000000095 0.7390625 0.025000000000000088 0.7390625 0.3921875000000001 0.809375 0.3921875000000001
7 0.5171875 0.057812500000000065 0.471875 0.057812500000000065 0.471875 0.5296875 0.5171875 0.5296875
7 0.4718750000000001 0.12500000000000006 0.375 0.12500000000000006 0.37500000000000006 0.74375 0.47187500000000016 0.74375
7 0.34687500000000004 0.09843750000000004 0.2484375 0.09843750000000002 0.24843750000000003 0.5890625 0.3468750000000001 0.5890625
7 0.22500000000000003 0.12187500000000002 0.11875 0.121875 0.11875000000000005 0.696875 0.2250000000000001 0.696875
7 0.2515625 0.023437500000000028 0.2015625 0.02343750000000002 0.2015625 0.30625 0.2515625 0.30625
7 0.10468750000000002 0.08125000000000002 0.031250000000000014 0.08125 0.031250000000000035 0.4625 0.10468750000000004 0.4625
7 0.035937500000000046 0.0171875 2.1048616860345133e-18 0.0171875 4.525452624974204e-17 0.721875 0.03593750000000009 0.721875