6 0.6796875000000001 0.31718750000000007 0.15000000000000005 0.3171875 0.15000000000000008 1 0.6796875000000002 1
7 0.4796875000000001 0.19375000000000003 0.21875 0.19375000000000003 0.21875000000000006 0.91875 0.47968750000000016 0.91875
7 0.32343750000000004 0.11875000000000002 0.1625 0.11875 0.16250000000000003 0.7890625 0.3234375000000001 0.7890625
7 0.625 0.15625000000000006 0.5359375 0.15625000000000006 0.5359375 0.5140625 0.625 0.5140625
7 0.7640625 0.1921875000000001 0.725 0.1921875000000001 0.725 0.4750000000000001 0.7640625 0.4750000000000002
7 0.66875 0.15000000000000008 0.621875 0.15000000000000008 0.621875 0.3500000000000001 0.66875 0.3500000000000001
7 0.690625 0.1703125000000001 0.6265625 0.1703125000000001 0.6265625 0.4171875 0.690625 0.4171875
7 0.71875 0.17187500000000008 0.6484375 0.17187500000000008 0.6484375 0.4453125 0.71875 0.4453125
7 0.7796875 0.1437500000000001 0.7171875 0.1437500000000001 0.7171875 0.4093750000000001 0.7796875 0.40937500000000016
7 0.953125 0.16093750000000012 0.8796875 0.1609375000000001 0.8796875 0.4984375000000002 0.953125 0.4984375000000002
7 0.35 0.14375000000000004 0.3046875 0.14375000000000004 0.3046875 0.3078125 0.35 0.3078125
7 0.12812500000000002 0.1625 0.07500000000000002 0.1625 0.07500000000000004 0.3484375 0.12812500000000004 0.3484375
7 0.2953125 0.13593750000000004 0.2578125 0.13593750000000004 0.2578125 0.24375 0.2953125 0.24375