8 0.7625000000000001 0.6609375000000001 0.29375000000000007 0.6609375 0.29375000000000007 0.915625 0.7625000000000002 0.915625
8 0.7609375 0.5437500000000001 0.4578125 0.54375 0.45781250000000007 0.7453125 0.7609375000000002 0.7453125000000002
5 0.6812500000000001 0.5671875 0.6203125 0.5671875 0.6203125 0.7515625 0.6812500000000001 0.7515625
5 0.603125 0.584375 0.5421875 0.584375 0.5421875 0.71875 0.603125 0.71875
5 0.7046875 0.559375 0.671875 0.559375 0.671875 0.6171875 0.7046875 0.6171875
10 0.99375 0.6390625000000001 0.7140625 0.6390625 0.7140625 0.9953125 0.99375 0.9953125
10 0.9546875 0.5328125000000001 0.7390625 0.5328125000000001 0.7390625 0.7078125000000002 0.9546875 0.7078125000000002
7 0.31562500000000004 0.020312500000000025 0.0765625 0.02031250000000001 0.07656250000000005 0.76875 0.3156250000000001 0.76875
7 0.478125 0.07500000000000005 0.3546875 0.07500000000000004 0.35468750000000004 0.55625 0.478125 0.55625
7 0.6140625 0.08281250000000007 0.5234375 0.08281250000000007 0.5234375 0.5453125 0.6140625 0.5453125
7 0.7125 0.11250000000000009 0.6125 0.11250000000000009 0.6125 0.5484375 0.7125 0.5484375
7 0.12812500000000004 0.1 1.2246467991473533e-17 0.1 3.989669650347237e-17 0.5515625 0.1281250000000001 0.5515625