7 0.5203125 0.3078125000000001 0.4359375 0.3078125000000001 0.4359375 0.7109375 0.5203125 0.7109375
7 0.59375 0.2890625000000001 0.515625 0.2890625000000001 0.515625 0.6578125 0.59375 0.6578125
7 0.740625 0.2218750000000001 0.65 0.2218750000000001 0.65 0.5484375000000001 0.740625 0.5484375000000001
7 0.26875000000000004 0.3609375 0.2046875 0.3609375 0.20468750000000005 0.503125 0.2687500000000001 0.503125
7 0.16093750000000004 0.41875 0.10312500000000005 0.41875 0.10312500000000005 0.5171875 0.16093750000000004 0.5171875
7 0.07812500000000006 0.4375 0.026562500000000055 0.4375 0.026562500000000062 0.546875 0.07812500000000007 0.546875
0 0.09687500000000007 0.55 0.023437500000000066 0.55 0.02343750000000008 0.775 0.09687500000000009 0.775
0 0.15937500000000007 0.5375 0.09687500000000007 0.5375 0.09687500000000007 0.7109375 0.1593750000000001 0.7109375
0 0.26250000000000007 0.5015625 0.19218750000000004 0.5015625 0.19218750000000007 0.7203125 0.26250000000000007 0.7203125
0 0.5578125 0.6390625 0.4109375 0.6390625 0.41093750000000007 0.946875 0.5578125000000002 0.946875
0 0.6046875 0.5 0.5390625 0.5 0.5390625000000001 0.8421875 0.6046875000000002 0.8421875
0 0.7578125000000001 0.4515625000000001 0.6265625 0.4515625 0.6265625000000001 0.7296875 0.7578125000000002 0.7296875000000002