7 0.8265625 0.22031250000000008 0.7390625 0.22031250000000008 0.7390625 0.40937500000000016 0.8265625 0.40937500000000016
7 0.5109375 0.2078125000000001 0.4296875 0.2078125000000001 0.4296875 0.3968750000000001 0.5109375 0.3968750000000001
7 0.421875 0.24531250000000004 0.3265625 0.2453125 0.32656250000000003 0.496875 0.421875 0.496875
7 0.3296875 0.2859375 0.28125 0.2859375 0.28125000000000006 0.421875 0.3296875000000001 0.421875
7 0.30937500000000007 0.19843750000000004 0.2453125 0.19843750000000004 0.24531250000000004 0.3640625 0.30937500000000007 0.3640625
7 0.2484375 0.2265625 0.19843750000000004 0.2265625 0.19843750000000004 0.3578125 0.2484375 0.3578125
0 0.3453125000000001 0.4375 0.2015625000000001 0.4375 0.2015625000000001 0.865625 0.3453125000000001 0.865625
0 0.21093750000000006 0.3203125 0.035937500000000046 0.3203125 0.03593750000000008 0.96875 0.21093750000000008 0.96875
6 0.9734375 0.5171875000000001 0.4015625 0.5171875 0.4015625000000001 1 0.9734375 1
6 1 0.5390625000000001 0.453125 0.5390625 0.4531250000000001 0.8375 1 0.8375
6 0.9203125 0.40312500000000007 0.4859375 0.403125 0.4859375 0.6359375 0.9203125 0.6359375000000002
9 0.75 0.2156250000000001 0.5078125 0.2156250000000001 0.5078125 0.41093750000000007 0.75 0.4109375000000002