6 0.6625000000000001 0.503125 0.471875 0.503125 0.4718750000000001 0.896875 0.6625000000000002 0.896875
7 0.4875 0.3906250000000001 0.43125 0.3906250000000001 0.43125 0.546875 0.4875 0.546875
7 0.4546875 0.3859375000000001 0.3968750000000001 0.3859375000000001 0.3968750000000001 0.534375 0.4546875 0.534375
7 0.5421875 0.3984375000000001 0.5015625 0.3984375000000001 0.5015625 0.51875 0.5421875 0.51875
7 0.571875 0.37187500000000007 0.5453125 0.37187500000000007 0.5453125 0.5203125 0.571875 0.5203125
7 0.6578125 0.37968750000000007 0.615625 0.37968750000000007 0.615625 0.5296875 0.6578125 0.5296875
7 0.696875 0.3906250000000001 0.6609375 0.3906250000000001 0.6609375 0.5375 0.696875 0.5375
7 0.734375 0.3750000000000001 0.6828125 0.3750000000000001 0.6828125 0.5156250000000001 0.734375 0.5156250000000002
7 0.7734375 0.3984375000000001 0.7359375 0.3984375000000001 0.7359375 0.6250000000000002 0.7734375 0.6250000000000002
7 0.840625 0.3750000000000001 0.775 0.3750000000000001 0.775 0.6140625000000002 0.840625 0.6140625000000002
7 0.9359375 0.4109375000000002 0.884375 0.4109375000000002 0.884375 0.6312500000000002 0.9359375 0.6312500000000002
7 0.9828125 0.41718750000000016 0.928125 0.41718750000000016 0.928125 0.5890625000000002 0.9828125 0.5890625000000002
9 0.4203125 0.415625 0.18593750000000003 0.415625 0.18593750000000006 0.659375 0.4203125 0.659375
9 0.24687500000000004 0.3609375 4.420209540672478e-17 0.3609375 6.659016970363733e-17 0.7265625 0.2468750000000001 0.7265625