8 1 0.4843750000000001 5.931882933369991e-17 0.484375 9.089175462421762e-17 1 1 1
5 0.9125 0.16250000000000012 0.8484375 0.1625000000000001 0.8484375 0.2500000000000001 0.9125 0.2500000000000001
5 0.8390625 0.1687500000000001 0.7421875 0.1687500000000001 0.7421875 0.2609375000000001 0.8390625 0.2609375000000001
2 0.6609375 0.23437500000000008 0.6140625 0.23437500000000008 0.6140625 0.3234375000000001 0.6609375 0.3234375000000001
2 0.584375 0.23437500000000008 0.5203125 0.23437500000000008 0.5203125 0.3296875000000001 0.584375 0.3296875000000001
2 0.5 0.2328125000000001 0.4375 0.2328125000000001 0.4375 0.3343750000000001 0.5 0.3343750000000001
2 0.3984375 0.22187500000000004 0.321875 0.221875 0.321875 0.34843750000000007 0.3984375 0.34843750000000007
2 0.2765625000000001 0.6328125 0.19531250000000008 0.6328125 0.19531250000000008 0.7609375 0.2765625000000001 0.7609375
2 0.2218750000000001 0.6234375 0.06250000000000007 0.6234375 0.06250000000000008 0.775 0.2218750000000001 0.775
2 0.43437500000000007 0.6046875 0.29375000000000007 0.6046875 0.29375000000000007 0.771875 0.4343750000000002 0.771875
2 0.9484375 0.3906250000000001 0.8703125 0.3906250000000001 0.8703125 0.5234375000000002 0.9484375 0.5234375000000002
2 1 0.14375000000000013 0.925 0.14375000000000013 0.925 0.2687500000000001 1 0.2687500000000001