7 0.39531250000000007 0.35468750000000004 0.3359375 0.3546875 0.33593750000000006 0.6078125 0.39531250000000007 0.6078125
7 0.3437500000000001 0.390625 0.2875000000000001 0.390625 0.2875000000000001 0.56875 0.3437500000000001 0.56875
7 0.30312500000000003 0.35 0.24375 0.35 0.24375000000000005 0.6 0.3031250000000001 0.6
7 0.26875000000000004 0.3515625 0.215625 0.3515625 0.21562500000000004 0.665625 0.2687500000000001 0.665625
7 0.2312500000000001 0.371875 0.19375000000000003 0.371875 0.19375000000000006 0.60625 0.2312500000000001 0.60625
7 0.2015625000000001 0.371875 0.16093750000000004 0.371875 0.16093750000000007 0.584375 0.2015625000000001 0.584375
7 0.18281250000000007 0.35625 0.11093750000000005 0.35625 0.11093750000000006 0.6859375 0.1828125000000001 0.6859375
7 0.12343750000000006 0.35625 0.042187500000000044 0.35625 0.042187500000000065 0.7234375 0.12343750000000009 0.7234375
3 0.6734375 0.2453125000000001 0.3875 0.2453125000000001 0.38750000000000007 0.634375 0.6734375 0.634375
9 0.790625 0.3984375000000001 0.6828125 0.3984375000000001 0.6828125 0.5640625000000001 0.790625 0.5640625000000001
9 1 0.4281250000000002 0.91875 0.4281250000000002 0.91875 0.5812500000000002 1 0.5812500000000002