7 0.2562500000000001 0.596875 0.2015625000000001 0.596875 0.2015625000000001 0.7796875 0.2562500000000001 0.7796875
7 0.20312500000000008 0.628125 0.1531250000000001 0.628125 0.1531250000000001 0.7328125 0.20312500000000008 0.7328125
7 0.19687500000000008 0.6859375 0.13437500000000008 0.6859375 0.13437500000000008 0.8265625 0.19687500000000008 0.8265625
7 0.3937500000000001 0.6765625 0.3296875000000001 0.6765625 0.3296875000000001 0.8 0.3937500000000001 0.8
7 0.35625000000000007 0.615625 0.3000000000000001 0.615625 0.3000000000000001 0.7859375 0.35625000000000007 0.7859375
6 0.9203125 0.7468750000000001 0.6546875000000002 0.746875 0.6546875000000002 0.9875 0.9203125 0.9875
6 0.5218750000000002 0.7703125 0.3062500000000001 0.7703125 0.3062500000000001 0.9734375 0.5218750000000002 0.9734375
6 0.6390625000000001 0.66875 0.4921875 0.66875 0.4921875000000001 0.9296875 0.6390625000000002 0.9296875
6 0.3781250000000001 0.753125 0.24218750000000008 0.753125 0.24218750000000008 0.921875 0.3781250000000001 0.921875
6 1 0.6031250000000001 0.734375 0.6031250000000001 0.7343750000000001 0.86875 1 0.86875
6 0.8296875 0.6093750000000001 0.5890625 0.609375 0.5890625 0.9484375 0.8296875 0.9484375
6 0.14531250000000012 0.721875 0.007812500000000088 0.721875 0.007812500000000102 0.9609375 0.14531250000000012 0.9609375
10 0.24375000000000008 0.79375 0.1437500000000001 0.79375 0.1437500000000001 0.9609375 0.24375000000000008 0.9609375