5 0.5015625000000001 0.559375 0.40625 0.559375 0.4062500000000001 0.728125 0.5015625000000001 0.728125
5 0.5609375 0.4171875 0.5125 0.4171875 0.5125 0.5765625 0.5609375 0.5765625
8 0.871875 0.32812500000000006 0.19218750000000004 0.328125 0.1921875000000001 0.940625 0.871875 0.940625
7 0.17343750000000008 0.2734375 0.009375000000000033 0.2734375 0.009375000000000064 0.7640625 0.17343750000000008 0.7640625
7 0.240625 0.13906250000000003 0.1109375 0.1390625 0.11093750000000002 0.33125 0.240625 0.33125
7 0.371875 0.10937500000000004 0.259375 0.10937500000000004 0.259375 0.23906250000000004 0.371875 0.2390625000000001
7 0.4546875 0.11875000000000005 0.403125 0.11875000000000005 0.403125 0.2171875000000001 0.4546875 0.2171875000000001
7 0.5046875 0.08750000000000006 0.4609375 0.08750000000000006 0.4609375 0.18750000000000006 0.5046875 0.18750000000000006
7 0.5890625 0.08593750000000007 0.53125 0.08593750000000007 0.53125 0.19375000000000006 0.5890625 0.1937500000000001
7 0.6734375 0.08125000000000007 0.6078125 0.08125000000000007 0.6078125 0.20312500000000008 0.6734375 0.20312500000000008
7 0.74375 0.04062500000000009 0.690625 0.04062500000000009 0.690625 0.20468750000000008 0.74375 0.20468750000000008
7 0.784375 0.06250000000000008 0.734375 0.06250000000000008 0.734375 0.1937500000000001 0.784375 0.1937500000000001
7 0.8390625 0.0796875000000001 0.7875 0.07968750000000009 0.7875 0.2078125000000001 0.8390625 0.2078125000000001
7 0.896875 1.0476470664580872e-16 0.8140625 9.969390349308921e-17 0.8140625 0.12343750000000009 0.896875 0.12343750000000009
7 1 0.015625000000000118 0.9125 0.01562500000000011 0.9125 0.16718750000000013 1 0.16718750000000013
7 1 0.13125000000000012 0.821875 0.1312500000000001 0.821875 0.3656250000000001 1 0.3656250000000001
7 0.9953125 0.17812500000000012 0.740625 0.1781250000000001 0.7406250000000001 0.9265625 0.9953125 0.9265625
7 0.546875 0.17500000000000007 0.4546875 0.17500000000000004 0.4546875 0.44375 0.546875 0.44375
7 0.4671875 0.30937500000000007 0.2796875 0.309375 0.27968750000000003 0.603125 0.4671875 0.603125