6 0.8609375 0.4406250000000001 0.7125 0.440625 0.7125000000000001 1 0.8609375 1
6 0.7750000000000001 0.4140625000000001 0.603125 0.4140625 0.6031250000000001 1 0.7750000000000001 1
6 0.4328125000000001 0.39531250000000007 0.20312500000000008 0.3953125 0.20312500000000008 0.7953125 0.43281250000000016 0.7953125
6 0.1359375000000001 0.48125 0.004687500000000058 0.48125 0.004687500000000089 0.98125 0.13593750000000013 0.98125
6 0.6859375 0.3265625000000001 0.540625 0.3265625000000001 0.540625 0.6703125 0.6859375 0.6703125
7 0.7296875 0.18906250000000008 0.6390625 0.18906250000000008 0.6390625 0.3828125000000001 0.7296875 0.3828125000000001
7 0.578125 0.2015625000000001 0.4765625 0.2015625000000001 0.4765625 0.4484375 0.578125 0.4484375
6 0.4921875 0.3109375000000001 0.3703125 0.3109375000000001 0.37031250000000004 0.490625 0.4921875 0.490625
9 0.27031250000000007 0.2515625 3.080752104105061e-17 0.2515625 5.319559533796316e-17 0.6171875 0.27031250000000007 0.6171875
9 0.4546875 0.19531250000000006 0.2890625 0.19531250000000006 0.28906250000000006 0.4 0.4546875 0.4
9 0.48125 0.19531250000000006 0.3640625 0.19531250000000006 0.3640625 0.3531250000000001 0.48125 0.3531250000000001