2 0.4640625 0.478125 0.4078125 0.478125 0.4078125 0.6859375 0.4640625 0.6859375
2 0.5609375 0.4515625 0.5078125 0.4515625 0.5078125 0.6390625 0.5609375 0.6390625
2 0.66875 0.509375 0.6078125 0.509375 0.6078125 0.6703125 0.66875 0.6703125
5 0.3140625000000001 0.5703125 0.22656250000000008 0.5703125 0.22656250000000008 0.81875 0.3140625000000001 0.81875
5 0.14843750000000006 0.5328125 0.0031250000000000652 0.5328125 0.0031250000000000834 0.8265625 0.14843750000000008 0.8265625
5 0.2484375000000001 0.490625 0.2062500000000001 0.490625 0.2062500000000001 0.6421875 0.2484375000000001 0.6421875
5 0.35625000000000007 0.4875 0.3031250000000001 0.4875 0.3031250000000001 0.596875 0.35625000000000007 0.596875
5 0.6765625000000001 0.7125 0.5671875 0.7125 0.5671875000000001 1 0.6765625000000002 1
7 1 0.22031250000000008 0.9390625 0.22031250000000008 0.9390625 0.8765625 1 0.8765625
7 0.91875 0.3343750000000001 0.846875 0.3343750000000001 0.846875 0.6984375000000002 0.91875 0.6984375000000002
7 0.7078125 0.30937500000000007 0.6140625 0.30937500000000007 0.6140625 0.54375 0.7078125 0.54375
7 0.60625 0.2984375000000001 0.4953125 0.2984375000000001 0.4953125 0.540625 0.60625 0.540625
7 0.45 0.3343750000000001 0.3703125 0.3343750000000001 0.37031250000000004 0.5234375 0.45 0.5234375
7 0.3296875 0.3359375 0.2203125 0.3359375 0.22031250000000005 0.5625 0.3296875000000001 0.5625
7 0.19375000000000006 0.3109375 0.07656250000000005 0.3109375 0.07656250000000006 0.575 0.1937500000000001 0.575
7 0.09531250000000005 0.3 0.010937500000000036 0.3 0.010937500000000055 0.584375 0.09531250000000006 0.584375
8 1 0.51875 0.025000000000000067 0.51875 0.025000000000000095 1 1 1