3 0.3859375000000001 0.4828125 0.21093750000000008 0.4828125 0.21093750000000008 0.9078125 0.3859375000000001 0.9078125
3 0.565625 0.5609375 0.38750000000000007 0.5609375 0.38750000000000007 0.8421875 0.5656250000000002 0.8421875
9 0.2218750000000001 0.7265625 0.11875000000000009 0.7265625 0.1187500000000001 0.9296875 0.2218750000000001 0.9296875
9 0.0875000000000001 0.76875 9.414472268445279e-17 0.76875 1.0543443536409245e-16 0.953125 0.0875000000000001 0.953125
9 0.8921875 0.5046875000000002 0.7984375 0.5046875000000002 0.7984375 0.6171875000000002 0.8921875 0.6171875000000002
9 0.7921875 0.4390625000000001 0.7140625 0.4390625 0.7140625 0.5046875000000001 0.7921875 0.5046875000000002
9 0.746875 0.3937500000000001 0.7125 0.3937500000000001 0.7125 0.4296875000000001 0.746875 0.42968750000000017
9 0.68125 0.38750000000000007 0.6359375 0.38750000000000007 0.6359375 0.440625 0.68125 0.440625
9 0.61875 0.3593750000000001 0.5921875 0.3593750000000001 0.5921875 0.3984375000000001 0.61875 0.3984375000000001
9 0.14218750000000008 0.65625 0.06875000000000009 0.65625 0.06875000000000009 0.80625 0.14218750000000008 0.80625
9 0.1703125000000001 0.5953125 0.1062500000000001 0.5953125 0.1062500000000001 0.709375 0.1703125000000001 0.709375
9 0.2312500000000001 0.603125 0.1828125000000001 0.603125 0.1828125000000001 0.734375 0.2312500000000001 0.734375
9 0.12656250000000008 0.5046875 0.010937500000000062 0.5046875 0.010937500000000072 0.6828125 0.12656250000000008 0.6828125
9 0.4171875 0.50625 0.3750000000000001 0.50625 0.3750000000000001 0.5640625 0.4171875 0.5640625
9 0.3468750000000001 0.4203125 0.3078125000000001 0.4203125 0.3078125000000001 0.4953125 0.3468750000000001 0.4953125
9 0.18906250000000005 0.465625 0.14062500000000006 0.465625 0.14062500000000006 0.525 0.18906250000000005 0.525