8 0.853125 0.3375 0.13750000000000004 0.3375 0.13750000000000007 0.7718750000000001 0.853125 0.7718750000000002
10 0.7968750000000001 0.5906250000000001 0.5515625 0.590625 0.5515625000000001 1 0.7968750000000002 1
10 1 0.3890625000000001 0.8203125 0.3890625000000001 0.8203125 0.9234375 1 0.9234375
10 0.3546875 0.10156250000000004 0.2640625 0.10156250000000004 0.2640625 0.2984375 0.3546875 0.2984375
10 0.4265625 0.07500000000000004 0.346875 0.07500000000000004 0.346875 0.22031250000000005 0.4265625 0.22031250000000008
10 0.7296875 0.06250000000000008 0.625 0.06250000000000007 0.625 0.27031250000000007 0.7296875 0.27031250000000007
10 0.8328125 0.0921875000000001 0.7421875 0.09218750000000009 0.7421875 0.2843750000000001 0.8328125 0.2843750000000001
5 0.3968750000000001 0.4359375 0.3468750000000001 0.4359375 0.3468750000000001 0.56875 0.3968750000000001 0.56875
5 0.603125 0.2953125000000001 0.5453125 0.2953125000000001 0.5453125 0.434375 0.603125 0.434375
2 0.54375 0.2390625000000001 0.4875 0.2390625000000001 0.4875 0.453125 0.54375 0.453125
2 0.19375000000000003 0.04062500000000002 0.1484375 0.04062500000000002 0.14843750000000003 0.19375000000000003 0.19375000000000003 0.19375000000000003