7 0.6703125 0.14218750000000008 0.59375 0.14218750000000008 0.59375 0.3578125000000001 0.6703125 0.3578125000000001
7 0.73125 0.1546875000000001 0.6796875 0.1546875000000001 0.6796875 0.3437500000000001 0.73125 0.3437500000000001
7 0.94375 0.0500000000000001 0.8 0.050000000000000086 0.8 0.46875000000000017 0.94375 0.46875000000000017
5 0.7703125 0.4375000000000001 0.7078125 0.4375 0.7078125 0.6078125000000001 0.7703125 0.6078125000000002
5 0.3890625000000001 0.4109375 0.3140625000000001 0.4109375 0.3140625000000001 0.540625 0.3890625000000001 0.540625
5 0.07343750000000007 0.484375 5.931882933369991e-17 0.484375 6.812097820257152e-17 0.628125 0.07343750000000007 0.628125
5 0.371875 0.22031250000000005 0.328125 0.2203125 0.328125 0.28437500000000004 0.371875 0.2843750000000001
5 0.51875 0.2234375000000001 0.4828125 0.2234375000000001 0.4828125 0.2812500000000001 0.51875 0.2812500000000001
10 0.4171875 0.275 0.2984375 0.275 0.2984375 0.4546875 0.4171875 0.4546875
10 0.28437500000000004 0.2421875 0.19375000000000003 0.2421875 0.19375000000000003 0.425 0.2843750000000001 0.425
10 0.21250000000000005 0.2984375 0.11718750000000004 0.2984375 0.11718750000000004 0.478125 0.21250000000000008 0.478125
10 0.6390625 0.2750000000000001 0.5296875 0.2750000000000001 0.5296875 0.3921875000000001 0.6390625 0.3921875000000001
10 0.12812500000000004 0.2453125 0.046875000000000035 0.2453125 0.04687500000000004 0.409375 0.12812500000000004 0.409375