9 0.3062500000000001 0.5265625 6.448530801760282e-17 0.5265625 9.194418546723489e-17 0.975 0.3062500000000001 0.975
9 0.19375000000000006 0.39375 4.8220467716427034e-17 0.39375 5.79793718971325e-17 0.553125 0.1937500000000001 0.553125
9 0.11875000000000005 0.26875 3.2912382727085115e-17 0.26875 3.9609669909922206e-17 0.378125 0.11875000000000005 0.378125
9 0.27656250000000004 0.221875 0.13750000000000004 0.221875 0.13750000000000004 0.3921875 0.2765625000000001 0.3921875
9 0.4078125 0.24218750000000006 0.2890625 0.2421875 0.28906250000000006 0.38281250000000006 0.4078125 0.3828125000000001
9 0.715625 0.1906250000000001 0.5953125 0.1906250000000001 0.5953125 0.2750000000000001 0.715625 0.2750000000000001
9 0.7625 0.2578125000000001 0.60625 0.2578125000000001 0.60625 0.3812500000000001 0.7625 0.3812500000000001
9 0.5703125 0.2609375000000001 0.465625 0.2609375000000001 0.465625 0.4171875 0.5703125 0.4171875
9 1 0.3234375000000001 0.6609375 0.3234375000000001 0.6609375 0.48906250000000007 1 0.4890625000000002
9 1 0.4140625000000001 0.696875 0.4140625 0.696875 0.5687500000000001 1 0.5687500000000002
9 1 0.4953125000000001 0.725 0.4953125 0.725 0.6781250000000001 1 0.6781250000000002
9 1 0.6125 0.628125 0.6125 0.628125 1 1 1
7 0.6890625 0.3125000000000001 0.553125 0.3125000000000001 0.553125 0.4734375 0.6890625 0.4734375
7 0.4234375 0.40625 0.2593750000000001 0.40625 0.2593750000000001 0.578125 0.4234375 0.578125
6 0.6890625 0.4375 0.4921875 0.4375 0.4921875 0.6140625 0.6890625 0.6140625
6 0.4328125000000001 0.540625 0.2718750000000001 0.540625 0.2718750000000001 0.8046875 0.43281250000000016 0.8046875
9 0.5781250000000001 0.36718750000000006 0.17812500000000003 0.3671875 0.17812500000000006 0.7421875 0.5781250000000002 0.7421875