9 0.44218750000000007 0.4890625 5.989288252080025e-17 0.4890625 7.979339300694474e-17 0.8140625 0.4421875000000002 0.8140625
9 0.678125 0.4375 0.2328125000000001 0.4375 0.2328125000000001 0.7203125 0.678125 0.7203125
9 0.625 0.3296875 0.2484375 0.3296875 0.24843750000000003 0.515625 0.625 0.515625
9 0.6453125 0.26406250000000003 0.29375 0.2640625 0.29375000000000007 0.4375 0.6453125 0.4375
9 0.68125 0.20468750000000005 0.3140625 0.2046875 0.3140625 0.34375000000000006 0.68125 0.3437500000000001
9 0.571875 0.14218750000000008 0.1875 0.14218750000000005 0.18750000000000003 0.25781250000000006 0.571875 0.2578125000000001
9 1 0.21093750000000008 0.709375 0.21093750000000008 0.709375 0.3968750000000001 1 0.3968750000000001
9 1 0.1656250000000001 0.759375 0.16562500000000008 0.759375 0.2765625000000001 1 0.2765625000000001
9 1 0.09062500000000011 0.6640625 0.0906250000000001 0.6640625 0.24375000000000008 1 0.24375000000000008
9 1 0.46093750000000017 0.8296875 0.46093750000000017 0.8296875 0.7875000000000002 1 0.7875000000000002
9 0.42187500000000017 0.7890625 9.663228649522084e-17 0.7890625 1.0954848320497809e-16 1 0.42187500000000017 1
9 0.12343750000000002 0.1484375 1.8178350924843523e-17 0.1484375 3.319940932063528e-17 0.39375 0.12343750000000005 0.39375
9 0.28125 0.046875000000000014 5.7405318710032185e-18 0.046875 1.9804834954961103e-17 0.2765625 0.28125 0.2765625
6 0.9109375 0.7828125000000001 0.6109375000000001 0.7828125 0.6109375000000001 1 0.9109375 1
7 0.85625 0.5984375000000001 0.6515625 0.5984375 0.6515625 0.8203125 0.85625 0.8203125