8 1 0.6250000000000001 0.02968750000000008 0.625 0.0296875000000001 1 1 1
7 0.2453125000000001 0.465625 0.021875000000000054 0.465625 0.02187500000000009 0.975 0.2453125000000001 0.975
7 0.5703125000000001 0.4 0.3828125000000001 0.4 0.3828125000000001 0.8671875 0.5703125000000002 0.8671875
7 0.81875 0.4640625000000001 0.6796875 0.4640625 0.6796875000000001 0.8234375 0.81875 0.8234375
5 0.7500000000000001 0.7031250000000001 0.6921875 0.703125 0.6921875000000001 0.8171875 0.7500000000000002 0.8171875
5 0.6328125000000002 0.7984375 0.5890625000000002 0.7984375 0.5890625000000002 0.95625 0.6328125000000002 0.95625
5 0.7062500000000002 0.815625 0.6343750000000001 0.815625 0.6343750000000001 0.9421875 0.7062500000000002 0.9421875
5 0.7843750000000002 0.8046875 0.7359375000000001 0.8046875 0.7359375000000001 0.928125 0.7843750000000002 0.928125
5 0.85625 0.7859375000000002 0.8078125 0.7859375000000002 0.8078125 0.971875 0.85625 0.971875
5 0.8890625 0.7703125000000002 0.84375 0.7703125000000002 0.84375 0.8984375 0.8890625 0.8984375
5 0.9671875 0.8234375 0.896875 0.8234375 0.896875 0.9265625 0.9671875 0.9265625
7 1 0.49218750000000017 0.9109375 0.49218750000000017 0.9109375 0.8515625 1 0.8515625