2 0.08906250000000006 0.3890625 0.06093750000000005 0.3890625 0.060937500000000054 0.56875 0.08906250000000007 0.56875
2 0.060937500000000054 0.3734375 0.014062500000000044 0.3734375 0.014062500000000058 0.5703125 0.06093750000000007 0.5703125
2 0.53125 0.525 0.4796875 0.525 0.4796875 0.678125 0.53125 0.678125
2 0.565625 0.534375 0.509375 0.534375 0.509375 0.66875 0.565625 0.66875
2 0.6 0.54375 0.5515625 0.54375 0.5515625 0.6703125 0.6 0.6703125
2 0.503125 0.3656250000000001 0.4625 0.3656250000000001 0.4625 0.525 0.503125 0.525
2 0.5484375 0.3937500000000001 0.4921875 0.3937500000000001 0.4921875 0.5484375 0.5484375 0.5484375
2 0.5953125 0.3843750000000001 0.546875 0.3843750000000001 0.546875 0.5171875 0.5953125 0.5171875
2 0.6546875 0.39531250000000007 0.5875 0.39531250000000007 0.5875 0.528125 0.6546875 0.528125
2 0.43125 0.3984375000000001 0.3843750000000001 0.3984375000000001 0.3843750000000001 0.5390625 0.43125 0.5390625
2 0.5 0.2453125000000001 0.4546875 0.2453125000000001 0.4546875 0.3937500000000001 0.5 0.3937500000000001
2 0.5375 0.2390625000000001 0.503125 0.2390625000000001 0.503125 0.3609375000000001 0.5375 0.3609375000000001
2 0.5640625 0.2578125000000001 0.534375 0.2578125000000001 0.534375 0.36406250000000007 0.5640625 0.36406250000000007
2 0.628125 0.24375000000000008 0.575 0.24375000000000008 0.575 0.4015625 0.628125 0.4015625
2 0.66875 0.2609375000000001 0.6203125 0.2609375000000001 0.6203125 0.38750000000000007 0.66875 0.38750000000000007
2 0.7046875 0.2484375000000001 0.66875 0.2484375000000001 0.66875 0.3703125000000001 0.7046875 0.3703125000000001
2 0.4265625 0.10468750000000004 0.4 0.10468750000000004 0.4 0.22656250000000008 0.4265625 0.22656250000000008
2 0.40625 0.07031250000000004 0.34375 0.07031250000000004 0.34375 0.23125000000000004 0.40625 0.2312500000000001
2 0.5015625 0.11250000000000004 0.4671875 0.11250000000000004 0.4671875 0.2562500000000001 0.5015625 0.2562500000000001
2 0.5578125 0.13750000000000007 0.503125 0.13750000000000004 0.503125 0.2578125000000001 0.5578125 0.2578125000000001
5 0.8359375 0.5062500000000001 0.6109375 0.50625 0.6109375000000001 0.85625 0.8359375 0.85625
5 0.4625000000000001 0.678125 0.3343750000000001 0.678125 0.3343750000000001 0.940625 0.4625000000000002 0.940625
7 0.37812500000000004 0.1921875 0.05625000000000002 0.1921875 0.05625000000000008 1 0.3781250000000001 1
7 0.9625 0.17812500000000012 0.69375 0.1781250000000001 0.6937500000000001 1 0.9625 1