8 1 0.7890625000000001 0.25468750000000007 0.7890625 0.25468750000000007 1 1 1
2 0.38750000000000007 0.6765625 0.3375000000000001 0.6765625 0.3375000000000001 0.8875 0.38750000000000007 0.8875
2 0.58125 0.64375 0.5265625 0.64375 0.5265625 0.8625 0.5812500000000002 0.8625
2 0.6125 0.6921875 0.5796875 0.6921875 0.5796875000000001 0.8609375 0.6125000000000002 0.8609375
7 0.15000000000000008 0.396875 0.057812500000000044 0.396875 0.05781250000000008 0.9609375 0.15000000000000013 0.9609375
7 0.21718750000000003 0.3390625 0.13281250000000006 0.3390625 0.13281250000000006 0.68125 0.2171875000000001 0.68125
7 0.10156250000000007 0.334375 4.0949127346489623e-17 0.334375 6.649449417245395e-17 0.7515625 0.10156250000000008 0.7515625
7 0.3359375000000001 0.375 0.21875000000000008 0.375 0.21875000000000008 0.7734375 0.3359375000000001 0.7734375
7 0.3734375000000001 0.4125 0.3078125000000001 0.4125 0.3078125000000001 0.7875 0.3734375000000001 0.7875
7 0.4062500000000001 0.4203125 0.37187500000000007 0.4203125 0.37187500000000007 0.7703125 0.40625000000000017 0.7703125
7 0.48125 0.35625000000000007 0.4140625 0.35625000000000007 0.4140625 0.7171875 0.48125 0.7171875
7 0.571875 0.4421875 0.5015625 0.4421875 0.5015625 0.64375 0.571875 0.64375
7 0.61875 0.41875 0.5625 0.41875 0.5625 0.68125 0.61875 0.68125
7 0.70625 0.3296875000000001 0.634375 0.3296875000000001 0.6343750000000001 0.765625 0.7062500000000002 0.765625
10 0.2718750000000001 0.759375 0.1359375000000001 0.759375 0.1359375000000001 1 0.2718750000000001 1