7 1 0.20468750000000008 0.8734375 0.20468750000000008 0.8734375 0.6609375000000002 1 0.6609375000000002
7 1 0.07343750000000013 0.9421875 0.07343750000000011 0.9421875 0.2156250000000001 1 0.2156250000000001
7 0.9203125 0.05468750000000011 0.8546875 0.05468750000000011 0.8546875 0.2171875000000001 0.9203125 0.2171875000000001
7 0.859375 0.0890625000000001 0.7765625 0.08906250000000009 0.7765625 0.5203125000000002 0.859375 0.5203125000000002
7 0.7953125 0.34843750000000007 0.7140625 0.34843750000000007 0.7140625 0.6062500000000001 0.7953125 0.6062500000000002
7 0.8546875 0.3109375000000001 0.6734375 0.3109375000000001 0.6734375000000001 0.7718750000000001 0.8546875 0.7718750000000002
7 0.759375 0.023437500000000087 0.625 0.023437500000000076 0.625 0.4203125000000001 0.759375 0.4203125000000002
7 0.6765625 0.06250000000000008 0.5984375 0.06250000000000007 0.5984375 0.2734375000000001 0.6765625 0.2734375000000001
7 0.628125 0.037500000000000075 0.5359375 0.03750000000000007 0.5359375 0.24375000000000008 0.628125 0.24375000000000008
7 0.578125 6.257179739393508e-17 0.44375 5.43437017121638e-17 0.44375 0.5796875 0.578125 0.5796875
7 0.4171875 0.014062500000000039 0.2375 0.014062500000000028 0.23750000000000004 0.60625 0.4171875 0.60625
7 0.18750000000000008 0.3984375 4.8794520903527353e-17 0.3984375 8.562960040913134e-17 1 0.18750000000000014 1
7 0.16562500000000005 1.0141606305439022e-17 0 0 3.750480822388769e-17 0.6125 0.16562500000000008 0.6125