7 0.5390625000000001 0.18125000000000005 0.390625 0.18125000000000005 0.39062500000000006 1 0.5390625000000002 1
7 0.6515625 0.2078125000000001 0.5015625 0.2078125000000001 0.5015625000000001 1 0.6515625000000002 1
7 0.13437500000000008 0.23125 2.8319957230282545e-17 0.23125 7.539231857250894e-17 1 0.13437500000000013 1
7 0.25625000000000003 0.28125 0.16406250000000006 0.28125 0.16406250000000006 0.5421875 0.2562500000000001 0.5421875
7 0.31875000000000003 0.2703125 0.271875 0.2703125 0.27187500000000003 0.528125 0.3187500000000001 0.528125
7 0.38281250000000006 0.27812500000000007 0.3359375 0.278125 0.33593750000000006 0.46875 0.3828125000000001 0.46875
7 0.7921875 0.29375000000000007 0.740625 0.29375000000000007 0.740625 0.5640625000000001 0.7921875 0.5640625000000001
7 0.746875 0.2796875000000001 0.68125 0.2796875000000001 0.68125 0.5171875000000001 0.746875 0.5171875000000001
7 0.84375 0.2609375000000001 0.79375 0.2609375000000001 0.79375 0.5484375000000001 0.84375 0.5484375000000001
7 0.903125 0.23593750000000008 0.8234375 0.23593750000000008 0.8234375 0.4781250000000002 0.903125 0.4781250000000002
7 0.9515625 0.2484375000000001 0.878125 0.2484375000000001 0.878125 0.47656250000000017 0.9515625 0.47656250000000017
7 0.9953125 0.2375000000000001 0.93125 0.2375000000000001 0.93125 0.5968750000000002 0.9953125 0.5968750000000002