7 0.8 0.3140625000000001 0.6140625 0.3140625000000001 0.6140625000000001 0.7406250000000001 0.8 0.7406250000000002
7 0.859375 0.27031250000000007 0.76875 0.27031250000000007 0.76875 0.49531250000000016 0.859375 0.49531250000000016
7 0.928125 0.34062500000000007 0.8671875 0.34062500000000007 0.8671875 0.5359375000000002 0.928125 0.5359375000000002
7 0.9984375 0.3734375000000001 0.928125 0.3734375000000001 0.928125 0.5109375000000002 0.9984375 0.5109375000000002
7 0.4921875000000001 0.2671875 0.334375 0.2671875 0.33437500000000003 0.8046875 0.49218750000000017 0.8046875
7 0.28593750000000007 0.2296875 0.07812500000000003 0.2296875 0.07812500000000007 0.8328125 0.28593750000000007 0.8328125
7 0.09062500000000004 0.25 3.061616997868383e-17 0.25 4.563722837447559e-17 0.4953125 0.09062500000000007 0.4953125
8 1 0.6796875000000001 0.08437500000000009 0.6796875 0.08437500000000012 1 1 1
2 0.9421875 0.5156250000000002 0.8859375 0.5156250000000002 0.8859375 0.7500000000000002 0.9421875 0.7500000000000002
2 0.5406250000000001 0.6859375 0.440625 0.6859375 0.4406250000000001 0.9140625 0.5406250000000001 0.9140625
5 0.41875000000000007 0.71875 0.3109375000000001 0.71875 0.3109375000000001 0.865625 0.4187500000000002 0.865625
5 0.6156250000000001 0.653125 0.5265625 0.653125 0.5265625 0.8421875 0.6156250000000002 0.8421875
5 0.85625 0.7734375000000001 0.6937500000000002 0.7734375 0.6937500000000002 1 0.85625 1
5 0.9703125 0.7234375000000002 0.871875 0.7234375000000002 0.871875 0.959375 0.9703125 0.959375
5 1 0.6515625000000002 0.946875 0.6515625000000002 0.946875 0.7890625000000002 1 0.7890625000000002