5 0.7578125000000002 0.7750000000000001 0.6421875000000001 0.775 0.6421875000000001 1 0.7578125000000002 1
5 0.953125 0.5734375000000002 0.878125 0.5734375000000002 0.878125 0.7906250000000001 0.953125 0.7906250000000001
5 0.8984375 0.5375000000000002 0.8234375 0.5375000000000002 0.8234375 0.6640625000000002 0.8984375 0.6640625000000002
5 0.8015625 0.5421875000000002 0.740625 0.5421875000000002 0.7406250000000001 0.7328125000000002 0.8015625 0.7328125000000002
8 0.20156250000000003 0.3421875 4.190588265832349e-17 0.3421875 5.606586127346476e-17 0.5734375 0.2015625000000001 0.5734375
8 1 0.5125000000000001 0.4171875 0.5125 0.4171875000000001 0.9984375 1 0.9984375
7 0.803125 0.19843750000000007 0.5125 0.19843750000000004 0.5125 0.6953125000000001 0.803125 0.6953125000000002
7 0.36718750000000006 0.184375 0.14843750000000006 0.184375 0.14843750000000008 0.9515625 0.3671875000000001 0.9515625
7 0.12500000000000003 0.03281250000000001 0.059375 0.03281250000000001 0.05937500000000001 0.2359375 0.12500000000000006 0.2359375
7 0.06875 0.034375 0.015625000000000007 0.034375 0.015625000000000017 0.2046875 0.06875000000000002 0.2046875
7 0.546875 5.472640383689735e-17 0.346875 4.247993584542381e-17 0.346875 0.32343750000000004 0.546875 0.3234375000000001
7 0.409375 0.08437500000000005 0.340625 0.08437500000000005 0.340625 0.23593750000000005 0.409375 0.23593750000000008
10 0.06875000000000007 0.4828125 5.912747827133314e-17 0.4828125 7.807123344564376e-17 0.7921875 0.06875000000000009 0.7921875