6 0.3625000000000001 0.4953125 0.2296875000000001 0.4953125 0.2296875000000001 0.9203125 0.3625000000000001 0.9203125
6 0.990625 0.6031250000000001 0.64375 0.603125 0.64375 0.978125 0.990625 0.978125
6 0.5296875000000001 0.4890625 0.3765625000000001 0.4890625 0.3765625000000001 0.7734375 0.5296875000000002 0.7734375
6 0.19687500000000008 0.46875 0.09843750000000007 0.46875 0.09843750000000008 0.7015625 0.19687500000000008 0.7015625
6 0.22812500000000008 0.43125 0.18906250000000005 0.43125 0.18906250000000008 0.5546875 0.22812500000000008 0.5546875
7 0.10000000000000006 0.3875 4.7455063466959936e-17 0.3875 7.309610582410764e-17 0.80625 0.10000000000000009 0.80625
7 0.17031250000000006 0.35625 0.09843750000000004 0.35625 0.09843750000000007 0.65625 0.1703125000000001 0.65625
7 0.32500000000000007 0.375 0.2250000000000001 0.375 0.2250000000000001 0.6453125 0.32500000000000007 0.6453125
7 0.459375 0.3625000000000001 0.3671875 0.3625000000000001 0.36718750000000006 0.6375 0.459375 0.6375
7 0.78125 0.3625000000000001 0.690625 0.3625000000000001 0.690625 0.6781250000000001 0.78125 0.6781250000000002
7 0.8578125 0.34062500000000007 0.7828125 0.34062500000000007 0.7828125 0.5781250000000002 0.8578125 0.5781250000000002
9 0.71875 0.3468750000000001 0.459375 0.3468750000000001 0.459375 0.628125 0.71875 0.628125