3 1 0.4343750000000002 0.7484375 0.4343750000000002 0.7484375 0.6312500000000002 1 0.6312500000000002
3 0.54375 0.43125 0.3468750000000001 0.43125 0.3468750000000001 0.5578125 0.54375 0.5578125
9 0.7078125 0.484375 0.5375 0.484375 0.5375 0.609375 0.7078125 0.609375
9 1 0.5343750000000002 0.8171875 0.5343750000000002 0.8171875 0.6484375000000002 1 0.6484375000000002
7 0.2796875000000001 0.4890625 0.2312500000000001 0.4890625 0.2312500000000001 0.64375 0.2796875000000001 0.64375
7 0.18437500000000007 0.50625 0.13750000000000004 0.50625 0.13750000000000007 0.7734375 0.1843750000000001 0.7734375
7 0.13906250000000006 0.503125 0.08593750000000007 0.503125 0.08593750000000008 0.6546875 0.1390625000000001 0.6546875
7 0.06718750000000007 0.5078125 0.03125000000000007 0.5078125 0.03125000000000007 0.628125 0.06718750000000007 0.628125
7 0.3437500000000001 0.51875 0.2906250000000001 0.51875 0.2906250000000001 0.6953125 0.3437500000000001 0.6953125
7 0.3765625000000001 0.515625 0.3265625000000001 0.515625 0.3265625000000001 0.6828125 0.3765625000000001 0.6828125
7 0.4390625 0.525 0.3984375000000001 0.525 0.3984375000000001 0.68125 0.4390625 0.68125
7 0.4921875000000001 0.525 0.45625 0.525 0.4562500000000001 0.7328125 0.49218750000000017 0.7328125
7 0.5671875000000001 0.5703125 0.4984375 0.5703125 0.4984375000000001 0.8234375 0.5671875000000002 0.8234375
7 0.6515625 0.5 0.60625 0.5 0.6062500000000001 0.778125 0.6515625000000002 0.778125
7 0.6828125 0.490625 0.63125 0.490625 0.6312500000000001 0.765625 0.6828125000000002 0.765625
7 0.809375 0.5156250000000001 0.703125 0.515625 0.7031250000000001 0.8796875 0.809375 0.8796875