10 0.9640625 0.45625000000000016 0.784375 0.45625000000000016 0.784375 0.940625 0.9640625 0.940625
10 0.7187500000000001 0.4609375 0.5796875 0.4609375 0.5796875000000001 0.9375 0.7187500000000002 0.9375
10 0.5703125000000001 0.490625 0.421875 0.490625 0.4218750000000001 0.96875 0.5703125000000002 0.96875
10 0.4093750000000001 0.521875 0.2140625000000001 0.521875 0.2140625000000001 1 0.40937500000000016 1
7 0.990625 0.25468750000000007 0.88125 0.25468750000000007 0.88125 0.5265625000000002 0.990625 0.5265625000000002
7 0.865625 0.2921875000000001 0.746875 0.2921875000000001 0.746875 0.5453125000000002 0.865625 0.5453125000000002
7 0.4859375 0.22812500000000008 0.3984375 0.22812500000000008 0.39843750000000006 0.4875 0.4859375 0.4875
7 0.409375 0.23593750000000005 0.34375 0.2359375 0.34375000000000006 0.4796875 0.409375 0.4796875
2 0.16093750000000004 0.265625 0.12812500000000004 0.265625 0.12812500000000004 0.4046875 0.16093750000000004 0.4046875
2 0.13281250000000006 0.25625 0.10625000000000004 0.25625 0.10625000000000004 0.39375 0.13281250000000006 0.39375
2 0.12031250000000004 0.2546875 0.08437500000000002 0.2546875 0.08437500000000003 0.39375 0.12031250000000004 0.39375
2 0.09375000000000004 0.2734375 0.057812500000000044 0.2734375 0.057812500000000044 0.4015625 0.09375000000000004 0.4015625
2 0.05781250000000003 0.265625 0.026562500000000034 0.265625 0.026562500000000037 0.4015625 0.057812500000000044 0.4015625
2 0.040625000000000036 0.25 3.061616997868383e-17 0.25 3.9226967785188664e-17 0.390625 0.04062500000000004 0.390625
2 0.19531250000000006 0.25625 0.15312500000000004 0.25625 0.15312500000000004 0.3859375 0.19531250000000006 0.3859375
2 0.425 0.37187500000000007 0.3828125000000001 0.37187500000000007 0.3828125000000001 0.5 0.425 0.5
2 0.571875 0.3750000000000001 0.49375 0.3750000000000001 0.49375 0.5 0.571875 0.5
2 0.634375 0.3437500000000001 0.571875 0.3437500000000001 0.571875 0.4734375 0.634375 0.4734375