6 0.940625 0.3609375000000001 0.63125 0.3609375000000001 0.6312500000000001 0.8203125 0.940625 0.8203125
1 0.9765625 0.31718750000000007 0.7859375 0.31718750000000007 0.7859375 0.4656250000000002 0.9765625 0.4656250000000002
1 0.828125 0.2875000000000001 0.68125 0.2875000000000001 0.68125 0.4281250000000001 0.828125 0.4281250000000002
1 0.709375 0.01093750000000008 0.6046875 0.010937500000000076 0.6046875 0.434375 0.709375 0.434375
1 0.628125 6.926908457677216e-17 0.503125 6.161504208210122e-17 0.503125 0.45625 0.628125 0.45625
1 0.53125 0.032812500000000064 0.409375 0.03281250000000006 0.409375 0.4359375 0.53125 0.4359375
1 0.37968750000000007 0.24375000000000005 0.315625 0.24375 0.31562500000000004 0.36562500000000003 0.37968750000000007 0.3656250000000001
1 0.33437500000000003 0.2859375 0.29375 0.2859375 0.29375000000000007 0.378125 0.3343750000000001 0.378125
1 0.29531250000000003 0.259375 0.2515625 0.259375 0.2515625 0.3765625 0.2953125000000001 0.3765625
1 0.26562500000000006 0.2328125 0.2265625 0.2328125 0.22656250000000006 0.390625 0.2656250000000001 0.390625
1 0.23437500000000006 0.17968750000000006 0.1890625 0.17968750000000006 0.18906250000000002 0.378125 0.23437500000000008 0.378125
1 0.18906250000000002 0.12187500000000002 0.1375 0.121875 0.1375 0.38125 0.18906250000000005 0.38125
1 0.12187500000000004 0.1828125 0.05625000000000002 0.1828125 0.056250000000000036 0.3828125 0.12187500000000004 0.3828125
1 0.05312500000000003 0.121875 1.492538286460837e-17 0.121875 3.0329143385133673e-17 0.3734375 0.05312500000000005 0.3734375