5 0.3890625000000001 0.37187500000000007 0.17968750000000006 0.371875 0.17968750000000008 0.9390625 0.3890625000000001 0.9390625
2 0.9859375 0.3000000000000001 0.9171875 0.3000000000000001 0.9171875 0.49531250000000016 0.9859375 0.49531250000000016
2 0.934375 0.2765625000000001 0.8828125 0.2765625000000001 0.8828125 0.4890625000000002 0.934375 0.4890625000000002
2 0.8828125 0.2875000000000001 0.8296875 0.2875000000000001 0.8296875 0.5171875000000001 0.8828125 0.5171875000000001
2 0.8390625 0.3031250000000001 0.7765625 0.3031250000000001 0.7765625 0.4828125000000002 0.8390625 0.4828125000000002
2 0.778125 0.2921875000000001 0.734375 0.2921875000000001 0.734375 0.49531250000000016 0.778125 0.49531250000000016
2 0.7296875 0.2687500000000001 0.69375 0.2687500000000001 0.69375 0.4687500000000001 0.7296875 0.46875000000000017
2 0.6875 0.2453125000000001 0.6296875 0.2453125000000001 0.6296875 0.496875 0.6875 0.496875
2 0.640625 0.2578125000000001 0.5859375 0.2578125000000001 0.5859375 0.4625 0.640625 0.4625
2 0.6015625 0.2609375000000001 0.5390625 0.2609375000000001 0.5390625 0.484375 0.6015625 0.484375
2 0.5484375 0.2578125000000001 0.5015625 0.2578125000000001 0.5015625 0.4734375 0.5484375 0.4734375
2 0.5171875 0.2515625000000001 0.471875 0.2515625000000001 0.471875 0.459375 0.5171875 0.459375
2 0.48125 0.23437500000000008 0.43125 0.23437500000000008 0.43125 0.4546875 0.48125 0.4546875
2 0.446875 0.2406250000000001 0.3796875 0.2406250000000001 0.37968750000000007 0.4484375 0.446875 0.4484375
8 0.9875 0.6937500000000001 8.495987169084762e-17 0.69375 1.0361660027160808e-16 0.9984375 0.9875 0.9984375