10 0.3843750000000001 0.540625 0.27812500000000007 0.540625 0.27812500000000007 0.71875 0.3843750000000001 0.71875
10 0.5140625 0.4640625 0.4328125 0.4640625 0.4328125 0.596875 0.5140625 0.596875
10 0.2734375000000001 0.7015625 0.1765625000000001 0.7015625 0.1765625000000001 0.8375 0.2734375000000001 0.8375
10 0.45000000000000007 0.66875 0.3750000000000001 0.66875 0.3750000000000001 0.834375 0.4500000000000002 0.834375
10 0.4671875000000002 0.840625 0.40937500000000016 0.840625 0.40937500000000016 0.965625 0.4671875000000002 0.965625
10 0.5484375000000001 0.8046875 0.4703125000000002 0.8046875 0.4703125000000002 0.9796875 0.5484375000000001 0.9796875
10 0.6515625000000002 0.7578125 0.5765625000000002 0.7578125 0.5765625000000002 0.9296875 0.6515625000000002 0.9296875
10 0.8796875 0.8453125 0.7765625000000002 0.8453125 0.7765625000000002 0.990625 0.8796875 0.990625
10 1 0.6625000000000002 0.9359375 0.6625000000000002 0.9359375 0.8734375 1 0.8734375
10 0.9203125 0.5968750000000002 0.8359375 0.5968750000000002 0.8359375 0.7359375000000001 0.9203125 0.7359375000000001
10 0.85 0.5609375000000002 0.7390625 0.5609375000000002 0.7390625 0.6531250000000002 0.85 0.6531250000000002
10 0.7859375000000001 0.6140625000000001 0.7109375 0.6140625 0.7109375000000001 0.7421875000000001 0.7859375000000002 0.7421875000000002
10 0.7187500000000001 0.6953125 0.659375 0.6953125 0.659375 0.834375 0.7187500000000002 0.834375
10 0.5796875000000001 0.6140625 0.525 0.6140625 0.5250000000000001 0.7640625 0.5796875000000001 0.7640625
10 0.5234375 0.3437500000000001 0.4671875 0.3437500000000001 0.4671875 0.4671875 0.5234375 0.4671875
10 0.41875 0.28593750000000007 0.35 0.2859375 0.35000000000000003 0.434375 0.41875 0.434375
10 0.3468750000000001 0.384375 0.2734375000000001 0.384375 0.2734375000000001 0.5234375 0.3468750000000001 0.5234375
10 0.6328125 0.490625 0.56875 0.490625 0.56875 0.628125 0.6328125 0.628125
10 0.68125 0.4109375 0.6328125 0.4109375 0.6328125 0.5625 0.68125 0.5625
10 0.753125 0.45000000000000007 0.6875 0.45 0.6875 0.5640625000000001 0.753125 0.5640625000000001
10 0.8453125 0.45625000000000016 0.8109375 0.45625000000000016 0.8109375 0.5781250000000002 0.8453125 0.5781250000000002
10 0.921875 0.4906250000000002 0.81875 0.4906250000000002 0.81875 0.6218750000000002 0.921875 0.6218750000000002
10 0.778125 0.3859375000000001 0.7125 0.3859375000000001 0.7125 0.4906250000000001 0.778125 0.4906250000000002