3 0.7718750000000001 0.4796875000000001 0.5953125 0.4796875 0.5953125000000001 0.7328125000000001 0.7718750000000002 0.7328125000000002
9 0.9140625 0.5750000000000002 0.8390625 0.5750000000000002 0.8390625 0.6671875000000002 0.9140625 0.6671875000000002
9 0.7781250000000002 0.8125 0.6703125000000002 0.8125 0.6703125000000002 0.91875 0.7781250000000002 0.91875
9 0.8453125 0.7031250000000002 0.7546875 0.7031250000000002 0.7546875000000001 0.815625 0.8453125 0.815625
9 0.9640625 0.42187500000000017 0.909375 0.42187500000000017 0.909375 0.48750000000000016 0.9640625 0.48750000000000016
9 0.846875 0.47968750000000016 0.78125 0.47968750000000016 0.78125 0.5531250000000002 0.846875 0.5531250000000002
9 0.8921875 0.3921875000000001 0.8296875 0.3921875000000001 0.8296875 0.4812500000000002 0.8921875 0.4812500000000002
9 0.9375 0.3578125000000001 0.884375 0.3578125000000001 0.884375 0.4156250000000002 0.9375 0.4156250000000002
9 0.5000000000000002 0.8390625 0.37968750000000007 0.8390625 0.37968750000000007 0.9125 0.5000000000000002 0.9125
7 0.5859375000000002 0.73125 0.5515625000000002 0.73125 0.5515625000000002 0.8359375 0.5859375000000002 0.8359375
7 0.4750000000000002 0.7578125 0.42968750000000017 0.7578125 0.42968750000000017 0.8453125 0.4750000000000002 0.8453125
7 0.4281250000000002 0.7390625 0.3921875000000001 0.7390625 0.3921875000000001 0.8328125 0.4281250000000002 0.8328125
7 0.4515625000000001 0.6953125 0.4296875 0.6953125 0.4296875000000001 0.7890625 0.4515625000000002 0.7890625
7 0.5359375000000001 0.6625 0.50625 0.6625 0.5062500000000001 0.75 0.5359375000000002 0.75
7 0.5156250000000001 0.6640625 0.484375 0.6640625 0.4843750000000001 0.753125 0.5156250000000002 0.753125