2 0.08437500000000007 0.440625 0.010937500000000053 0.440625 0.01093750000000008 0.8890625 0.08437500000000012 0.8890625
2 0.2312500000000001 0.521875 0.07187500000000006 0.521875 0.0718750000000001 1 0.2312500000000001 1
2 0.27812500000000007 0.478125 0.17812500000000003 0.478125 0.17812500000000006 0.7265625 0.27812500000000007 0.7265625
2 0.38750000000000007 0.4296875 0.2656250000000001 0.4296875 0.2656250000000001 0.878125 0.38750000000000007 0.878125
2 0.459375 0.440625 0.3609375000000001 0.440625 0.3609375000000001 0.7140625 0.459375 0.7140625
2 0.5156250000000001 0.5109375 0.3781250000000001 0.5109375 0.3781250000000001 0.8578125 0.5156250000000002 0.8578125
2 0.6421875000000001 0.553125 0.5640625 0.553125 0.5640625000000001 0.884375 0.6421875000000001 0.884375
2 0.6625 0.4265625 0.6 0.4265625 0.6 0.6671875 0.6625 0.6671875
2 0.725 0.4515625 0.640625 0.4515625 0.640625 0.646875 0.725 0.646875
2 0.7500000000000001 0.5734375 0.640625 0.5734375 0.6406250000000001 0.9015625 0.7500000000000002 0.9015625
2 0.7890625 0.48125000000000007 0.6890625 0.48125 0.6890625 0.6453125000000001 0.7890625 0.6453125000000002
2 0.8625 0.47656250000000017 0.784375 0.47656250000000017 0.784375 0.6593750000000002 0.8625 0.6593750000000002
2 0.984375 0.5296875000000002 0.8640625 0.5296875000000002 0.8640625 0.7468750000000002 0.984375 0.7468750000000002