3 0.2953125000000001 0.646875 0.1312500000000001 0.646875 0.1312500000000001 0.771875 0.2953125000000001 0.771875
3 0.6406250000000001 0.64375 0.4140625 0.64375 0.4140625000000001 0.75 0.6406250000000002 0.75
3 0.971875 0.5531250000000002 0.8890625 0.5531250000000002 0.8890625 0.6250000000000002 0.971875 0.6250000000000002
9 0.8390625 0.6578125000000001 0.8015625 0.6578125000000001 0.8015625 0.7218750000000002 0.8390625 0.7218750000000002
9 0.3421875000000001 0.821875 0.29375000000000007 0.821875 0.29375000000000007 0.9359375 0.3421875000000001 0.9359375
9 0.3031250000000001 0.9046875 0.2640625000000001 0.9046875 0.2640625000000001 1 0.3031250000000001 1
9 0.2640625000000001 0.8609375 0.1937500000000001 0.8609375 0.19375000000000012 1 0.2640625000000001 1
9 0.5515625 0.5375 0.5203125 0.5375 0.5203125 0.628125 0.5515625 0.628125
9 0.5609375 0.453125 0.5265625 0.453125 0.5265625 0.5140625 0.5609375 0.5140625
9 0.5578125 0.38750000000000007 0.5328125 0.38750000000000007 0.5328125 0.4609375 0.5578125 0.4609375
9 0.5953125 0.2656250000000001 0.5640625 0.2656250000000001 0.5640625 0.3765625000000001 0.5953125 0.3765625000000001