7 0.34218750000000003 0.02812500000000003 0.10625 0.02812500000000001 0.10625000000000007 1 0.3421875000000001 1
5 0.553125 0.03906250000000007 0.51875 0.03906250000000007 0.51875 0.2656250000000001 0.553125 0.2656250000000001
5 0.534375 0.08906250000000007 0.49375 0.08906250000000007 0.49375 0.2640625000000001 0.534375 0.2640625000000001
5 0.5 0.15156250000000004 0.471875 0.15156250000000004 0.471875 0.27812500000000007 0.5 0.27812500000000007
5 0.4828125 0.16875000000000004 0.4296875 0.16875000000000004 0.4296875 0.2468750000000001 0.4828125 0.2468750000000001
5 0.43125 0.14062500000000006 0.384375 0.14062500000000006 0.384375 0.2500000000000001 0.43125 0.2500000000000001
5 0.396875 0.08593750000000004 0.3421875 0.08593750000000004 0.3421875 0.26250000000000007 0.396875 0.26250000000000007
5 0.3515625 0.09843750000000004 0.3109375 0.09843750000000004 0.3109375 0.2546875 0.3515625 0.2546875
5 0.3109375 0.11718750000000004 0.275 0.11718750000000004 0.275 0.2296875 0.3109375 0.2296875
5 0.6203125 0.03125000000000007 0.5546875 0.03125000000000007 0.5546875 0.2593750000000001 0.6203125 0.2593750000000001
5 0.6640625 0.09843750000000008 0.615625 0.09843750000000007 0.615625 0.2468750000000001 0.6640625 0.2468750000000001
5 0.70625 0.09687500000000009 0.665625 0.09687500000000009 0.665625 0.2218750000000001 0.70625 0.2218750000000001
5 0.746875 0.0906250000000001 0.7140625 0.0906250000000001 0.7140625 0.2515625000000001 0.746875 0.2515625000000001
5 0.78125 0.029687500000000096 0.73125 0.02968750000000009 0.73125 0.2250000000000001 0.78125 0.2250000000000001