0 0.9921875 0.5921875000000002 0.765625 0.5921875000000002 0.7656250000000001 0.9234375 0.9921875 0.9234375
0 0.8375 0.565625 0.6421875 0.565625 0.6421875000000001 0.8234375 0.8375 0.8234375
0 0.6953125000000001 0.55 0.4625 0.55 0.4625000000000001 0.796875 0.6953125000000002 0.796875
7 0.884375 0.3937500000000001 0.8296875 0.3937500000000001 0.8296875 0.5875000000000001 0.884375 0.5875000000000001
7 0.8203125 0.3890625000000001 0.746875 0.3890625000000001 0.746875 0.5875000000000001 0.8203125 0.5875000000000001
7 0.684375 0.3828125000000001 0.6375 0.3828125000000001 0.6375 0.575 0.684375 0.575
7 0.6390625 0.3812500000000001 0.6 0.3812500000000001 0.6 0.5609375 0.6390625 0.5609375
7 0.5890625 0.38750000000000007 0.5203125 0.38750000000000007 0.5203125 0.5875 0.5890625 0.5875
7 0.5265625 0.4109375 0.46875 0.4109375 0.46875 0.6140625 0.5265625 0.6140625
7 0.4765625 0.403125 0.3968750000000001 0.403125 0.3968750000000001 0.68125 0.4765625 0.68125
7 0.3890625000000001 0.425 0.3390625000000001 0.425 0.3390625000000001 0.6609375 0.3890625000000001 0.6609375
7 0.3437500000000001 0.4234375 0.30937500000000007 0.4234375 0.30937500000000007 0.6890625 0.3437500000000001 0.6890625
7 0.2984375000000001 0.4234375 0.2515625000000001 0.4234375 0.2515625000000001 0.6796875 0.2984375000000001 0.6796875
7 0.2515625000000001 0.3765625 0.2000000000000001 0.3765625 0.2000000000000001 0.5703125 0.2515625000000001 0.5703125
7 0.2140625000000001 0.43125 0.14687500000000003 0.43125 0.14687500000000006 0.88125 0.2140625000000001 0.88125
7 0.13281250000000006 0.3890625 0.051562500000000046 0.3890625 0.05156250000000008 0.8734375 0.13281250000000008 0.8734375