2 0.7187500000000002 0.73125 0.6734375000000001 0.73125 0.6734375000000001 0.921875 0.7187500000000002 0.921875
2 0.8390625 0.7468750000000002 0.7968750000000002 0.7468750000000002 0.7968750000000002 0.875 0.8390625 0.875
2 0.6796875000000002 0.784375 0.6328125000000002 0.784375 0.6328125000000002 0.921875 0.6796875000000002 0.921875
7 0.821875 0.5843750000000002 0.740625 0.5843750000000002 0.7406250000000001 0.8109375 0.821875 0.8109375
7 0.25468750000000007 0.5203125 6.371990376813572e-17 0.5203125 9.156148334250133e-17 0.975 0.25468750000000007 0.975
7 0.3703125000000001 0.4140625 0.22812500000000008 0.4140625 0.22812500000000008 0.659375 0.3703125000000001 0.659375
7 0.5953125000000001 0.490625 0.4515625 0.490625 0.4515625000000001 0.8 0.5953125000000001 0.8
7 0.6875 0.534375 0.60625 0.534375 0.60625 0.7109375 0.6875 0.7109375
7 0.815625 0.49218750000000017 0.7640625 0.49218750000000017 0.7640625 0.5875000000000001 0.815625 0.5875000000000001
7 0.9828125 0.4984375000000002 0.9203125 0.4984375000000002 0.9203125 0.6671875000000002 0.9828125 0.6671875000000002
7 0.871875 0.4593750000000002 0.809375 0.4593750000000002 0.809375 0.5718750000000001 0.871875 0.5718750000000001