7 0.665625 0.3671875000000001 0.590625 0.3671875000000001 0.590625 0.5296875 0.665625 0.5296875
7 0.5171875 0.35625000000000007 0.4609375 0.35625000000000007 0.4609375 0.4734375 0.5171875 0.4734375
7 0.446875 0.3546875000000001 0.396875 0.3546875000000001 0.39687500000000003 0.490625 0.446875 0.490625
7 0.4109375 0.35000000000000003 0.3546875 0.35 0.35468750000000004 0.4984375 0.4109375 0.4984375
7 0.34843750000000007 0.3484375 0.29375 0.3484375 0.29375000000000007 0.5 0.34843750000000007 0.5
10 0.14687500000000006 0.453125 0.08281250000000004 0.453125 0.08281250000000007 0.65625 0.1468750000000001 0.65625
10 0.10625000000000007 0.45 0.03281250000000006 0.45 0.032812500000000064 0.6765625 0.1062500000000001 0.6765625
10 0.2234375000000001 0.521875 0.16250000000000003 0.521875 0.16250000000000006 0.6921875 0.2234375000000001 0.6921875
10 0.2718750000000001 0.475 0.21093750000000008 0.475 0.21093750000000008 0.65 0.2718750000000001 0.65
10 0.5953125000000001 0.6578125 0.4125 0.6578125 0.4125000000000001 0.98125 0.5953125000000001 0.98125
10 0.9359375 0.6218750000000002 0.7625 0.6218750000000002 0.7625000000000001 0.834375 0.9359375 0.834375
10 0.9921875 0.7250000000000002 0.8296875 0.7250000000000002 0.8296875 1 0.9921875 1
8 0.784375 0.6609375000000001 0.5265625 0.6609375 0.5265625 1 0.7843750000000002 1