9 0.3734375000000001 0.621875 0.03281250000000008 0.621875 0.03281250000000009 0.9046875 0.3734375000000001 0.9046875
9 0.4937500000000001 0.58125 0.3500000000000001 0.58125 0.3500000000000001 0.80625 0.4937500000000002 0.80625
9 0.565625 0.5578125 0.4734375 0.5578125 0.4734375 0.709375 0.565625 0.709375
9 0.615625 0.490625 0.5609375 0.490625 0.5609375 0.7046875 0.615625 0.7046875
9 0.5062500000000001 0.5703125 0.3578125000000001 0.5703125 0.3578125000000001 0.809375 0.5062500000000002 0.809375
7 0.675 0.5671875 0.6546875 0.5671875 0.6546875 0.671875 0.675 0.671875
7 0.7734375000000001 0.5484375000000001 0.6796875 0.5484375 0.6796875000000001 0.7312500000000001 0.7734375000000002 0.7312500000000002
7 0.6578125 0.5359375 0.60625 0.5359375 0.60625 0.6859375 0.6578125 0.6859375
7 0.84375 0.5406250000000001 0.7765625 0.5406250000000001 0.7765625 0.7687500000000002 0.84375 0.7687500000000002
7 0.909375 0.5890625000000002 0.803125 0.5890625000000002 0.803125 0.834375 0.909375 0.834375
10 0.95625 0.6484375000000002 0.875 0.6484375000000002 0.875 0.7625000000000002 0.95625 0.7625000000000002