2 0.31250000000000006 0.2078125 0.2296875 0.2078125 0.22968750000000004 0.5 0.3125000000000001 0.5
2 0.9765625 1.1557604166953146e-16 0.9109375 1.115576693598292e-16 0.9109375 0.2312500000000001 0.9765625 0.2312500000000001
2 0.9171875 1.086874034243276e-16 0.8578125 1.0505173323935891e-16 0.8578125 0.25468750000000007 0.9171875 0.25468750000000007
2 0.821875 9.83544460565218e-17 0.784375 9.605823330812052e-17 0.784375 0.2140625000000001 0.821875 0.2140625000000001
10 0.8109375 0.2687500000000001 0.6 0.2687500000000001 0.6000000000000001 0.828125 0.8109375 0.828125
10 0.7140625000000002 0.7984375 0.3515625000000001 0.7984375 0.3515625000000001 1 0.7140625000000002 1
10 0.459375 0.16093750000000004 0.23125 0.16093750000000004 0.23125000000000004 0.4 0.459375 0.4
10 1 0.43281250000000016 0.8875 0.43281250000000016 0.8875 1 1 1
5 0.3937500000000001 0.4703125 0.2578125000000001 0.4703125 0.2578125000000001 0.65 0.3937500000000001 0.65
5 0.771875 0.050000000000000086 0.7171875 0.050000000000000086 0.7171875 0.1859375000000001 0.771875 0.1859375000000001
5 0.6671875 0.04218750000000007 0.5515625 0.042187500000000065 0.5515625 0.1359375000000001 0.6671875 0.1359375000000001
8 0.5296875000000001 0.33125000000000004 4.0566425221756075e-17 0.33125 7.300043029292427e-17 0.8609375 0.5296875000000002 0.8609375