6 0.12812500000000007 0.5 0.028125000000000067 0.5 0.028125000000000077 0.7203125 0.1281250000000001 0.7203125
6 0.2390625000000001 0.525 0.13593750000000004 0.525 0.13593750000000007 0.8109375 0.2390625000000001 0.8109375
6 0.3671875000000001 0.5421875 0.2578125000000001 0.5421875 0.2578125000000001 0.7890625 0.3671875000000001 0.7890625
6 0.4671875000000001 0.5109375 0.37968750000000007 0.5109375 0.37968750000000007 0.78125 0.4671875000000002 0.78125
6 0.5390625 0.5234375 0.471875 0.5234375 0.471875 0.7125 0.5390625 0.7125
6 0.6296875000000001 0.534375 0.5515625 0.534375 0.5515625000000001 0.775 0.6296875000000002 0.775
6 0.7343750000000001 0.5156250000000001 0.66875 0.515625 0.6687500000000001 0.7296875 0.7343750000000002 0.7296875000000002
6 0.8234375 0.5468750000000002 0.7421875 0.5468750000000002 0.7421875000000001 0.7671875000000001 0.8234375 0.7671875000000001
6 0.984375 0.5031250000000002 0.8578125 0.5031250000000002 0.8578125 0.7703125000000002 0.984375 0.7703125000000002
7 0.6109375 0.4625 0.54375 0.4625 0.54375 0.6234375 0.6109375 0.6234375
7 0.4609375 0.4171875 0.41875 0.4171875 0.41875 0.5625 0.4609375 0.5625