9 0.9984375 0.5687500000000002 0.8015625 0.5687500000000002 0.8015625 0.93125 0.9984375 0.93125
9 0.896875 0.5375000000000001 0.703125 0.5375 0.7031250000000001 0.834375 0.896875 0.834375
9 0.7609375 0.5609375000000001 0.64375 0.5609375 0.64375 0.8 0.7609375000000002 0.8
9 0.2250000000000001 0.575 0.12343750000000009 0.575 0.12343750000000009 0.759375 0.2250000000000001 0.759375
9 0.1515625000000001 0.5828125 0.025000000000000067 0.5828125 0.025000000000000095 0.9890625 0.15156250000000013 0.9890625
9 0.2734375000000001 0.5921875 0.23437500000000008 0.5921875 0.23437500000000008 0.665625 0.2734375000000001 0.665625
9 0.628125 0.6078125 0.5375 0.6078125 0.5375 0.71875 0.628125 0.71875
9 0.565625 0.5796875 0.4953125 0.5796875 0.4953125000000001 0.7359375 0.5656250000000002 0.7359375
9 0.50625 0.596875 0.453125 0.596875 0.453125 0.6921875 0.50625 0.6921875
6 0.6203125000000002 0.734375 0.5515625000000002 0.734375 0.5515625000000002 0.8921875 0.6203125000000002 0.8921875
7 0.6171875000000001 0.55 0.5390625 0.55 0.5390625000000001 0.7515625 0.6171875000000002 0.7515625