7 0.4875 0.16875000000000004 0.4484375 0.16875000000000004 0.4484375 0.2562500000000001 0.4875 0.2562500000000001
9 0.6140625 0.17187500000000006 0.515625 0.17187500000000006 0.515625 0.3140625000000001 0.6140625 0.3140625000000001
9 0.7109375 0.1937500000000001 0.6390625 0.1937500000000001 0.6390625 0.2906250000000001 0.7109375 0.2906250000000001
9 0.825 0.1687500000000001 0.709375 0.1687500000000001 0.709375 0.3234375000000001 0.825 0.3234375000000001
9 0.8359375 0.19687500000000008 0.7796875 0.19687500000000008 0.7796875 0.30937500000000007 0.8359375 0.30937500000000007
9 0.94375 0.2140625000000001 0.840625 0.2140625000000001 0.840625 0.3687500000000001 0.94375 0.3687500000000001
9 1 0.18593750000000014 0.925 0.18593750000000014 0.925 0.3890625000000001 1 0.3890625000000001
9 1 0.2562500000000001 0.95625 0.2562500000000001 0.95625 0.3968750000000001 1 0.3968750000000001
9 0.09218750000000003 0.1640625 2.0091861548511263e-17 0.1640625 3.023346785395028e-17 0.3296875 0.09218750000000005 0.3296875
9 0.203125 0.18125000000000002 0.1390625 0.18125 0.13906250000000003 0.2828125 0.203125 0.2828125
9 0.284375 0.17968750000000006 0.2328125 0.17968750000000006 0.2328125 0.2703125 0.284375 0.2703125
6 0.4921875 0.2093750000000001 0.4296875 0.2093750000000001 0.4296875 0.30156250000000007 0.4921875 0.30156250000000007