7 0.7015625000000001 0.415625 0.5984375 0.415625 0.5984375000000001 0.8515625 0.7015625000000002 0.8515625
7 0.9046875 0.4750000000000002 0.81875 0.4750000000000002 0.81875 0.8015625 0.9046875 0.8015625
7 0.9 0.7718750000000001 0.7171875000000002 0.771875 0.7171875000000002 1 0.9 1
7 0.2734375000000001 0.859375 0.10781250000000009 0.859375 0.10781250000000012 1 0.2734375000000001 1
7 0.12968750000000012 0.5984375 7.328745688647442e-17 0.5984375 9.787606840060487e-17 1 0.12968750000000012 1
7 0.22343750000000004 0.3484375 0.051562500000000046 0.3484375 0.05156250000000008 0.8671875 0.2234375000000001 0.8671875
7 0.3781250000000001 0.4296875 0.2843750000000001 0.4296875 0.2843750000000001 0.90625 0.3781250000000001 0.90625
7 0.5140625000000001 0.3437500000000001 0.3875 0.3437500000000001 0.38750000000000007 0.8765625 0.5140625000000002 0.8765625
7 0.7796875 0.3312500000000001 0.7078125 0.3312500000000001 0.7078125 0.49687500000000007 0.7796875 0.4968750000000002
7 0.32656250000000003 0.3265625 0.2578125 0.3265625 0.25781250000000006 0.521875 0.3265625000000001 0.521875
10 0.6078125000000001 0.6390625 0.503125 0.6390625 0.503125 0.9734375 0.6078125000000002 0.9734375
10 0.7812500000000001 0.596875 0.703125 0.596875 0.7031250000000001 0.8015625 0.7812500000000002 0.8015625
10 1 0.7000000000000002 0.9359375 0.7000000000000002 0.9359375 0.88125 1 0.88125
5 0.3609375000000001 0.8921875 0.2953125000000001 0.8921875 0.2953125000000001 1 0.3609375000000001 1
5 0.29375000000000007 0.8640625 0.2250000000000001 0.8640625 0.2250000000000001 0.9921875 0.29375000000000007 0.9921875
5 0.12031250000000013 0.909375 0.06250000000000011 0.909375 0.06250000000000012 1 0.12031250000000013 1