3 0.721875 0.26250000000000007 0.17187500000000006 0.2625 0.17187500000000006 0.7859375 0.7218750000000002 0.7859375
9 0.19687500000000008 0.5359375 0.12500000000000006 0.5359375 0.12500000000000006 0.68125 0.19687500000000008 0.68125
9 0.13281250000000006 0.5375 6.582476545417023e-17 0.5375 7.347880794884119e-17 0.6625 0.13281250000000008 0.6625
7 0.5546875 0.4765625 0.509375 0.4765625 0.509375 0.6328125 0.5546875 0.6328125
7 0.4984375 0.2671875000000001 0.45625 0.2671875000000001 0.45625 0.3656250000000001 0.4984375 0.3656250000000001
7 0.590625 0.2656250000000001 0.51875 0.2656250000000001 0.51875 0.3656250000000001 0.590625 0.3656250000000001
7 0.6140625 0.478125 0.5625 0.478125 0.5625 0.5921875 0.6140625 0.5921875
7 0.6921875 0.5015625 0.6109375 0.5015625 0.6109375 0.6046875 0.6921875 0.6046875
7 1 0.5234375000000002 0.896875 0.5234375000000002 0.896875 0.7546875000000002 1 0.7546875000000002
7 0.890625 0.5218750000000002 0.84375 0.5218750000000002 0.84375 0.7765625000000002 0.890625 0.7765625000000002
7 0.8328125 0.4984375000000002 0.80625 0.4984375000000002 0.80625 0.7375000000000002 0.8328125 0.7375000000000002
7 0.8109375 0.5000000000000002 0.7484375 0.5000000000000002 0.7484375000000001 0.7359375000000001 0.8109375 0.7359375000000001
7 0.746875 0.49687500000000007 0.7046875 0.496875 0.7046875 0.6812500000000001 0.746875 0.6812500000000001