8 0.653125 0.18281250000000007 0.41875 0.18281250000000004 0.41875 0.2734375000000001 0.653125 0.2734375000000001
8 0.7015625 0.2390625000000001 0.365625 0.2390625000000001 0.365625 0.3500000000000001 0.7015625 0.3500000000000001
8 0.84375 0.31093750000000003 0.2984375 0.3109375 0.2984375 0.5625000000000001 0.84375 0.5625000000000002
8 1 0.6640625000000001 0.0015625000000000812 0.6640625 0.0015625000000001016 1 1 1
10 0.31718750000000007 0.3609375 0.03125000000000004 0.3609375 0.03125000000000007 0.8234375 0.31718750000000007 0.8234375
10 0.37343750000000003 0.24375000000000005 0.2171875 0.24375 0.21718750000000003 0.6109375 0.3734375000000001 0.6109375
10 0.7609375 0.2078125000000001 0.6453125 0.2078125000000001 0.6453125 0.3890625000000001 0.7609375 0.3890625000000001
10 0.8515625 0.25468750000000007 0.6734375 0.25468750000000007 0.6734375 0.6125 0.8515625 0.6125000000000002
10 1 0.3390625000000001 0.7609375 0.3390625000000001 0.7609375 0.7250000000000002 1 0.7250000000000002
10 0.6921875 0.0750000000000001 0.6484375 0.0750000000000001 0.6484375 0.1687500000000001 0.6921875 0.1687500000000001
10 0.6234375 0.06875000000000006 0.5921875 0.06875000000000006 0.5921875 0.13281250000000008 0.6234375 0.13281250000000008
10 0.659375 0.045312500000000075 0.6125 0.045312500000000075 0.6125 0.1531250000000001 0.659375 0.1531250000000001