7 0.5390625000000001 0.4390625 0.3609375000000001 0.4390625 0.3609375000000001 1 0.5390625000000002 1
7 0.7359375000000001 0.4546875000000001 0.603125 0.4546875 0.6031250000000001 1 0.7359375000000001 1
2 0.625 0.6109375 0.6 0.6109375 0.6 0.690625 0.625 0.690625
2 0.09375000000000008 0.56875 0.042187500000000065 0.56875 0.04218750000000008 0.7046875 0.09375000000000008 0.7046875
2 0.20468750000000008 0.5828125 0.10781250000000009 0.5828125 0.10781250000000009 0.7375 0.20468750000000008 0.7375
2 0.6015625 0.615625 0.571875 0.615625 0.571875 0.696875 0.6015625 0.696875
2 0.578125 0.6015625 0.5421875 0.6015625 0.5421875 0.684375 0.578125 0.684375
2 0.6515625 0.5515625 0.61875 0.5515625 0.61875 0.615625 0.6515625 0.615625
2 0.6203125 0.5328125 0.596875 0.5328125 0.596875 0.6171875 0.6203125 0.6171875
2 0.6 0.534375 0.5796875 0.534375 0.5796875 0.615625 0.6 0.615625
2 0.5765625 0.5296875 0.5421875 0.5296875 0.5421875 0.609375 0.5765625 0.609375