7 1 1.0122471199202341e-16 0.653125 7.99847440693115e-17 0.6531250000000001 1 1 1
7 0.7390625000000001 0.00781250000000008 0.5328125 0.007812500000000066 0.5328125000000001 1 0.7390625000000002 1
7 0.6078125000000001 0.08906250000000007 0.490625 0.08906250000000007 0.4906250000000001 0.9 0.6078125000000002 0.9
7 0.5218750000000001 0.045312500000000054 0.371875 0.04531250000000005 0.37187500000000007 0.9234375 0.5218750000000002 0.9234375
7 0.4234375 4.563722837447558e-17 0.321875 3.941831884755543e-17 0.321875 0.56875 0.4234375 0.56875
7 0.22968750000000004 1.4064303083957887e-17 0 0 3.2529680602351567e-17 0.53125 0.2296875000000001 0.53125
5 0.22812500000000008 0.4828125 0.15156250000000004 0.4828125 0.15156250000000007 0.5671875 0.22812500000000008 0.5671875
5 0.27031250000000007 0.5484375 0.1703125000000001 0.5484375 0.1703125000000001 0.6703125 0.27031250000000007 0.6703125
5 0.3281250000000001 0.64375 0.24218750000000008 0.64375 0.24218750000000008 0.7484375 0.3281250000000001 0.7484375
5 0.3281250000000001 0.740625 0.2312500000000001 0.740625 0.2312500000000001 0.8640625 0.3281250000000001 0.8640625
8 0.4078125000000001 0.4421875 5.415235064979703e-17 0.4421875 8.830851528226617e-17 1 0.4078125000000002 1