2 0.4281250000000001 0.56875 0.3265625000000001 0.56875 0.3265625000000001 1 0.4281250000000002 1
2 0.5296875000000001 0.5109375 0.434375 0.5109375 0.43437500000000007 0.915625 0.5296875000000002 0.915625
2 0.5593750000000001 0.5203125 0.4890625 0.5203125 0.48906250000000007 0.7796875 0.5593750000000002 0.7796875
2 0.628125 0.5484375 0.58125 0.5484375 0.58125 0.734375 0.6281250000000002 0.734375
2 0.6046875 0.46875 0.525 0.46875 0.525 0.60625 0.6046875 0.60625
2 0.75 0.4234375000000001 0.6671875 0.4234375 0.6671875 0.6046875 0.75 0.6046875000000002
5 0.6203125 0.721875 0.56875 0.721875 0.5687500000000001 0.9109375 0.6203125000000002 0.9109375
7 1 0.2828125000000001 0.8640625 0.2828125000000001 0.8640625 1 1 1
7 0.8375 0.3062500000000001 0.7046875 0.3062500000000001 0.7046875 0.6187500000000001 0.8375 0.6187500000000001
7 0.9125 0.1968750000000001 0.7671875 0.19687500000000008 0.7671875 0.5312500000000002 0.9125 0.5312500000000002
7 0.884375 0.5062500000000002 0.7984375 0.5062500000000002 0.7984375 0.7062500000000002 0.884375 0.7062500000000002
7 0.6328125 0.3046875000000001 0.5375 0.3046875000000001 0.5375 0.490625 0.6328125 0.490625
7 0.6828125 0.3062500000000001 0.5875 0.3062500000000001 0.5875 0.4640625 0.6828125 0.4640625
7 0.5546875 0.2171875000000001 0.465625 0.2171875000000001 0.465625 0.503125 0.5546875 0.503125
7 0.528125 0.20937500000000003 0.346875 0.209375 0.34687500000000004 0.54375 0.528125 0.54375
7 0.31093750000000003 0.021875000000000026 0.14375 0.021875000000000016 0.14375000000000004 0.65625 0.3109375000000001 0.65625
7 0.17343750000000008 0.02656250000000001 3.2529680602351567e-18 0.0265625 6.285882398748523e-17 1 0.17343750000000013 1