0 0.45781250000000007 0.7046875 0.3625000000000001 0.7046875 0.3625000000000001 0.8171875 0.4578125000000002 0.8171875
0 0.5750000000000001 0.7046875 0.4921875 0.7046875 0.4921875000000001 0.8328125 0.5750000000000002 0.8328125
7 0.1062500000000001 0.56875 0.05156250000000007 0.56875 0.05156250000000008 0.7859375 0.1062500000000001 0.7859375
7 0.07500000000000008 0.546875 6.697287182837088e-17 0.546875 8.15155525682457e-17 0.784375 0.0750000000000001 0.784375
7 0.4390625 0.5703125 0.3734375000000001 0.5703125 0.3734375000000001 0.7046875 0.4390625 0.7046875
7 0.5609375 0.528125 0.496875 0.528125 0.496875 0.721875 0.5609375 0.721875
9 0.2609375000000001 0.5171875 0.11093750000000005 0.5171875 0.11093750000000006 0.7265625 0.2609375000000001 0.7265625
9 0.3359375000000001 0.5359375 0.23593750000000008 0.5359375 0.23593750000000008 0.7 0.3359375000000001 0.7
9 0.3750000000000001 0.559375 0.3359375000000001 0.559375 0.3359375000000001 0.68125 0.3750000000000001 0.68125
9 0.6421875 0.56875 0.5734375 0.56875 0.5734375 0.7046875 0.6421875 0.7046875
9 1 0.5234375000000002 0.7796875 0.5234375000000002 0.7796875000000001 0.9859375 1 0.9859375
9 0.7921875 0.5140625000000001 0.678125 0.5140625 0.6781250000000001 0.7437500000000001 0.7921875000000002 0.7437500000000001
9 0.5015625 0.5578125 0.440625 0.5578125 0.440625 0.6640625 0.5015625 0.6640625