2 0.39531250000000007 0.575 0.3375000000000001 0.575 0.3375000000000001 0.74375 0.39531250000000007 0.74375
8 0.5390625000000001 0.6890625 0.10000000000000009 0.6890625 0.10000000000000012 0.95625 0.5390625000000002 0.95625
8 0.7265625000000001 0.5484375000000001 0.49375 0.5484375 0.4937500000000001 0.7859375000000001 0.7265625000000002 0.7859375000000002
10 0.7546875000000001 0.6359375 0.6671875 0.6359375 0.6671875 0.8421875 0.7546875000000002 0.8421875
7 0.27812500000000007 0.353125 0.14218750000000005 0.353125 0.14218750000000008 0.659375 0.27812500000000007 0.659375
7 0.06562500000000006 0.3703125 4.5350201780925416e-17 0.3703125 6.104098889500088e-17 0.6265625 0.06562500000000007 0.6265625
7 0.35625000000000007 0.4453125 0.27812500000000007 0.4453125 0.27812500000000007 0.5875 0.35625000000000007 0.5875
7 0.4078125 0.43125 0.3359375000000001 0.43125 0.3359375000000001 0.553125 0.4078125 0.553125
7 0.6703125 0.4578125 0.5875 0.4578125 0.5875 0.60625 0.6703125 0.60625
7 0.5984375 0.45625 0.5578125 0.45625 0.5578125 0.5859375 0.5984375 0.5859375
7 0.521875 0.4515625 0.4484375 0.4515625 0.4484375 0.5890625 0.521875 0.5890625
7 0.778125 0.45000000000000007 0.7234375 0.45 0.7234375 0.5843750000000001 0.778125 0.5843750000000002