3 0.7734375000000001 0.18593750000000003 0.07656250000000002 0.1859375 0.07656250000000006 0.9140625 0.7734375000000002 0.9140625
7 0.2734375000000001 0.5453125 0.23437500000000008 0.5453125 0.23437500000000008 0.628125 0.2734375000000001 0.628125
7 0.3343750000000001 0.5421875 0.2843750000000001 0.5421875 0.2843750000000001 0.6328125 0.3343750000000001 0.6328125
7 0.428125 0.55 0.3578125000000001 0.55 0.3578125000000001 0.6265625 0.428125 0.6265625
7 0.51875 0.23437500000000008 0.475 0.23437500000000008 0.475 0.2984375000000001 0.51875 0.2984375000000001
7 0.4390625 0.2375000000000001 0.4 0.2375000000000001 0.4 0.3140625000000001 0.4390625 0.3140625000000001
7 0.390625 0.23750000000000004 0.3578125 0.2375 0.3578125 0.32656250000000003 0.390625 0.3265625000000001
7 0.35625 0.26875 0.325 0.26875 0.325 0.3484375 0.35625 0.3484375
7 0.3125 0.2796875 0.284375 0.2796875 0.284375 0.3453125 0.3125 0.3453125
7 0.2921875 0.29375 0.2546875 0.29375 0.2546875 0.3609375 0.2921875 0.3609375
7 0.25625 0.278125 0.2140625 0.278125 0.2140625 0.3546875 0.25625 0.3546875
7 0.4609375 0.5375 0.4265625 0.5375 0.4265625 0.615625 0.4609375 0.615625