8 1 0.5687500000000001 0.3734375000000001 0.56875 0.3734375000000001 1 1 1
8 0.565625 0.496875 0.2062500000000001 0.496875 0.2062500000000001 0.6921875 0.565625 0.6921875
10 0.7171875 0.515625 0.634375 0.515625 0.634375 0.6140625 0.7171875 0.6140625
10 0.634375 0.51875 0.571875 0.51875 0.571875 0.590625 0.634375 0.590625
10 0.5703125 0.509375 0.503125 0.509375 0.503125 0.5875 0.5703125 0.5875
10 0.853125 0.5437500000000002 0.753125 0.5437500000000002 0.753125 0.6421875000000001 0.853125 0.6421875000000001
10 0.86875 0.6156250000000002 0.7953125 0.6156250000000002 0.7953125 0.6781250000000002 0.86875 0.6781250000000002
10 0.6531250000000001 0.7 0.465625 0.7 0.46562500000000007 0.9875 0.6531250000000002 0.9875
10 0.5312500000000001 0.653125 0.41875 0.653125 0.41875000000000007 0.8734375 0.5312500000000002 0.8734375
10 0.4828125000000001 0.615625 0.3937500000000001 0.615625 0.3937500000000001 0.7703125 0.4828125000000002 0.7703125
10 0.4281250000000001 0.571875 0.33281250000000007 0.571875 0.33281250000000007 0.7265625 0.4281250000000002 0.7265625
10 0.15312500000000012 0.7484375 0.006250000000000091 0.7484375 0.006250000000000107 1 0.15312500000000012 1
10 0.20468750000000008 0.6625 0.023437500000000083 0.6625 0.0234375000000001 0.971875 0.20468750000000008 0.971875
10 0.1843750000000001 0.615625 0.05312500000000007 0.615625 0.053125000000000075 0.79375 0.1843750000000001 0.79375
10 0.1859375000000001 0.565625 0.06562500000000007 0.565625 0.06562500000000007 0.7 0.1859375000000001 0.7