2 0.7296875 0.4687500000000001 0.6625 0.46875 0.6625000000000001 0.7656250000000001 0.7296875000000002 0.7656250000000002
2 0.6265625000000001 0.565625 0.5453125 0.565625 0.5453125000000001 0.796875 0.6265625000000001 0.796875
2 0.5453125000000001 0.4984375 0.4890625 0.4984375 0.48906250000000007 0.7828125 0.5453125000000002 0.7828125
2 0.3265625000000001 0.453125 0.30937500000000007 0.453125 0.30937500000000007 0.6203125 0.3265625000000001 0.6203125
5 0.12343750000000006 0.4546875 0.07812500000000007 0.4546875 0.07812500000000007 0.565625 0.12343750000000009 0.565625
5 0.409375 0.465625 0.3843750000000001 0.465625 0.3843750000000001 0.553125 0.409375 0.553125
8 1 0.4671875000000001 0.2218750000000001 0.4671875 0.2218750000000001 1 1 1
7 0.5484375000000001 0.73125 8.955229718765019e-17 0.73125 1.0600848855119278e-16 1 0.5484375000000001 1
7 0.3890625000000001 0.5890625 7.213935051227377e-17 0.5890625 8.629932912741505e-17 0.8203125 0.3890625000000001 0.8203125
7 0.06875000000000006 0.275 0.003125000000000033 0.275 0.0031250000000000513 0.5671875 0.06875000000000006 0.5671875
7 0.17187500000000006 0.265625 0.07656250000000002 0.265625 0.07656250000000005 0.5 0.17187500000000006 0.5
7 0.28593750000000007 0.2359375 0.17812500000000003 0.2359375 0.17812500000000003 0.496875 0.28593750000000007 0.496875
7 0.41875 0.290625 0.3234375 0.290625 0.32343750000000004 0.465625 0.41875 0.465625
7 0.521875 0.2406250000000001 0.409375 0.2406250000000001 0.409375 0.509375 0.521875 0.509375
7 0.6234375 0.2843750000000001 0.5140625 0.2843750000000001 0.5140625 0.475 0.6234375 0.475
7 0.7671875 0.23593750000000008 0.659375 0.23593750000000008 0.659375 0.4640625000000001 0.7671875 0.46406250000000016
7 0.90625 0.2750000000000001 0.7828125 0.2750000000000001 0.7828125 0.5468750000000002 0.90625 0.5468750000000002
7 1 0.3593750000000001 0.8875 0.3593750000000001 0.8875 0.6812500000000001 1 0.6812500000000001
5 0.057812500000000044 0.3140625 3.846156353572156e-17 0.3140625 4.372371775080784e-17 0.4 0.057812500000000044 0.4
5 0.6671875 0.2812500000000001 0.6203125 0.2812500000000001 0.6203125 0.3890625000000001 0.6671875 0.3890625000000001
5 0.565625 0.3234375000000001 0.5296875 0.3234375000000001 0.5296875 0.3781250000000001 0.565625 0.3781250000000001
5 0.4625 0.3437500000000001 0.4234375 0.3437500000000001 0.4234375 0.45 0.4625 0.45
5 0.9640625 0.3906250000000001 0.9203125 0.3906250000000001 0.9203125 0.4656250000000002 0.9640625 0.4656250000000002
5 0.88125 0.3750000000000001 0.84375 0.3750000000000001 0.84375 0.4500000000000002 0.88125 0.4500000000000002