7 0.5765625 0.4484375 0.503125 0.4484375 0.503125 0.6671875 0.5765625 0.6671875
4 0.1546875000000001 0.690625 8.457716956611408e-17 0.690625 9.462310034036972e-17 0.8546875 0.1546875000000001 0.8546875
4 0.26250000000000007 0.7265625 0.1671875000000001 0.7265625 0.1671875000000001 0.8578125 0.26250000000000007 0.8578125
4 0.4265625000000002 0.7484375 0.3078125000000001 0.7484375 0.3078125000000001 0.871875 0.4265625000000002 0.871875
4 0.6703125000000001 0.68125 0.565625 0.68125 0.565625 0.8703125 0.6703125000000002 0.8703125
4 0.8 0.7390625000000001 0.7156250000000002 0.7390625 0.7156250000000002 0.896875 0.8 0.896875
4 0.9875 0.7390625000000002 0.8625 0.7390625000000002 0.8625 0.853125 0.9875 0.853125
4 0.7187500000000001 0.6609375 0.6515625 0.6609375 0.6515625 0.75 0.7187500000000002 0.75
4 0.50625 0.6578125 0.453125 0.6578125 0.453125 0.7234375 0.50625 0.7234375
4 0.6515625 0.64375 0.59375 0.64375 0.59375 0.7140625 0.6515625 0.7140625
4 0.3218750000000001 0.6734375 0.2500000000000001 0.6734375 0.2500000000000001 0.7453125 0.3218750000000001 0.7453125
4 0.2531250000000001 0.66875 0.1750000000000001 0.66875 0.1750000000000001 0.75 0.2531250000000001 0.75