7 0.37812500000000004 0.3609375 0.225 0.3609375 0.22500000000000003 0.9625 0.3781250000000001 0.9625
7 0.6406250000000001 0.36406250000000007 0.478125 0.36406250000000007 0.4781250000000001 0.7875 0.6406250000000002 0.7875
7 0.7750000000000001 0.41093750000000007 0.653125 0.4109375 0.6531250000000001 0.8484375 0.7750000000000001 0.8484375
7 0.95 0.3421875000000001 0.8390625 0.3421875000000001 0.8390625 0.9109375 0.95 0.9109375
7 1 0.43750000000000017 0.959375 0.43750000000000017 0.959375 0.9140625 1 0.9140625
7 0.17656250000000007 0.446875 0.06250000000000004 0.446875 0.06250000000000008 0.8390625 0.1765625000000001 0.8390625
7 0.2296875000000001 0.43125 0.16250000000000003 0.43125 0.16250000000000006 0.5609375 0.2296875000000001 0.5609375
7 0.43125 0.434375 0.3906250000000001 0.434375 0.3906250000000001 0.546875 0.43125 0.546875
7 0.6265625 0.4546875 0.60625 0.4546875 0.60625 0.5328125 0.6265625 0.5328125
7 0.7515625 0.43437500000000007 0.71875 0.434375 0.71875 0.5250000000000001 0.7515625 0.5250000000000001
7 0.8390625 0.4546875000000002 0.8125 0.4546875000000002 0.8125 0.5015625000000001 0.8390625 0.5015625000000001
7 0.8578125 0.44843750000000016 0.834375 0.44843750000000016 0.834375 0.5515625000000002 0.8578125 0.5515625000000002
6 0.6312500000000001 0.55 0.41875 0.55 0.41875000000000007 0.9640625 0.6312500000000002 0.9640625
6 0.10781250000000012 0.6171875 7.558366963487571e-17 0.6171875 9.385769609090263e-17 0.915625 0.10781250000000013 0.915625
0 0.7812500000000001 0.5640625000000001 0.6390625 0.5640625 0.6390625000000001 0.9390625 0.7812500000000002 0.9390625