8 0.690625 0.578125 0.3968750000000001 0.578125 0.3968750000000001 0.9984375 0.6906250000000002 0.9984375
10 1 0.4375000000000001 0.5703125 0.4375 0.5703125000000001 0.9765625 1 0.9765625
7 0.9453125 0.3593750000000001 0.871875 0.3593750000000001 0.871875 0.5781250000000002 0.9453125 0.5781250000000002
7 0.8875 0.2671875000000001 0.7671875 0.2671875000000001 0.7671875 0.6187500000000001 0.8875 0.6187500000000001
7 0.575 0.3296875000000001 0.490625 0.3296875000000001 0.490625 0.59375 0.575 0.59375
7 0.490625 0.22812500000000008 0.3984375 0.22812500000000008 0.39843750000000006 0.571875 0.490625 0.571875
7 0.33593750000000006 0.16406250000000006 0.2203125 0.16406250000000006 0.22031250000000005 0.6015625 0.3359375000000001 0.6015625
7 0.20468750000000005 0.084375 0.04375000000000001 0.084375 0.04375000000000004 0.5734375 0.20468750000000008 0.5734375
7 0.3062500000000001 0.515625 0.007812500000000064 0.515625 0.007812500000000082 0.825 0.3062500000000001 0.825
7 0.3593750000000001 0.8265625 1.0122471199202341e-16 0.8265625 1.1184469595337938e-16 1 0.3593750000000001 1
2 0.559375 0.5234375 0.509375 0.5234375 0.509375 0.671875 0.559375 0.671875
2 0.6328125 0.5390625 0.571875 0.5390625 0.571875 0.6796875 0.6328125 0.6796875