6 0.753125 0.5546875000000001 0.2796875000000001 0.5546875 0.2796875000000001 1 0.7531250000000002 1
6 0.11406250000000011 0.5671875 6.946043563913895e-17 0.5671875 9.347499396616907e-17 0.959375 0.11406250000000014 0.959375
6 0.18750000000000006 0.5375 0.07968750000000006 0.5375 0.07968750000000009 0.8234375 0.18750000000000008 0.8234375
6 0.2515625000000001 0.4734375 0.15468750000000003 0.4734375 0.15468750000000006 0.7234375 0.2515625000000001 0.7234375
6 0.8890625 0.43437500000000007 0.6484375 0.434375 0.6484375000000001 0.7625000000000001 0.8890625 0.7625000000000002
6 1 0.5156250000000002 0.8890625 0.5156250000000002 0.8890625 0.934375 1 0.934375
7 0.4640625 0.24375000000000005 0.35 0.24375 0.35000000000000003 0.6359375 0.4640625 0.6359375
7 0.11875000000000006 0.4046875 0.059375000000000046 0.4046875 0.05937500000000005 0.58125 0.11875000000000009 0.58125
7 0.34062500000000007 0.3328125 0.253125 0.3328125 0.25312500000000004 0.6765625 0.34062500000000007 0.6765625
7 0.7171875000000001 0.41875 0.521875 0.41875 0.5218750000000001 0.9640625 0.7171875000000002 0.9640625
7 0.796875 0.3937500000000001 0.7421875 0.3937500000000001 0.7421875 0.5421875000000002 0.796875 0.5421875000000002
7 0.8765625 0.3781250000000001 0.8125 0.3781250000000001 0.8125 0.5718750000000001 0.8765625 0.5718750000000001
7 1 0.3281250000000001 0.940625 0.3281250000000001 0.940625 0.5796875000000001 1 0.5796875000000001
7 0.746875 0.3859375000000001 0.7046875 0.3859375000000001 0.7046875 0.5218750000000001 0.746875 0.5218750000000002
7 0.7125 0.3812500000000001 0.675 0.3812500000000001 0.675 0.515625 0.7125 0.515625
7 0.696875 0.37968750000000007 0.65625 0.37968750000000007 0.65625 0.5125 0.696875 0.5125
7 0.05937500000000005 0.3921875 4.802911665406026e-17 0.3921875 5.855342508423283e-17 0.5640625 0.05937500000000007 0.5640625
7 0.17500000000000004 0.409375 0.13906250000000003 0.409375 0.13906250000000003 0.534375 0.17500000000000004 0.534375