5 0.884375 0.6500000000000001 0.7703125 0.6500000000000001 0.7703125000000001 1 0.884375 1
5 0.7546875000000001 0.6343750000000001 0.6453125 0.634375 0.6453125000000001 1 0.7546875000000002 1
5 0.6921875 0.3765625000000001 0.5703125 0.3765625000000001 0.5703125 0.659375 0.6921875 0.659375
5 0.775 0.3609375000000001 0.715625 0.3609375000000001 0.715625 0.58125 0.775 0.5812500000000002
5 1 0.3765625000000001 0.9515625 0.3765625000000001 0.9515625 0.6203125000000002 1 0.6203125000000002
5 0.6109375 0.21250000000000008 0.509375 0.21250000000000008 0.509375 0.6546875 0.6109375 0.6546875
5 0.45625 0.3609375000000001 0.390625 0.3609375000000001 0.39062500000000006 0.5828125 0.45625 0.5828125
5 0.4609375000000001 0.6484375 0.4015625 0.6484375 0.4015625000000001 0.8015625 0.46093750000000017 0.8015625
5 0.4453125 0.56875 0.3687500000000001 0.56875 0.3687500000000001 0.696875 0.4453125 0.696875
5 0.37968750000000007 0.615625 0.3203125000000001 0.615625 0.3203125000000001 0.7796875 0.37968750000000007 0.7796875
5 0.2906250000000001 0.615625 0.1687500000000001 0.615625 0.16875000000000012 0.94375 0.2906250000000001 0.94375
5 0.17812500000000012 0.6 0.07343750000000007 0.6 0.0734375000000001 1 0.17812500000000014 1
5 0.23593750000000008 0.36875 0.15937500000000004 0.36875 0.15937500000000007 0.5796875 0.23593750000000008 0.5796875
5 0.16562500000000008 0.378125 0.07187500000000005 0.378125 0.07187500000000005 0.575 0.16562500000000008 0.575
5 0.09687500000000002 0.06875 0.04843750000000001 0.06875 0.04843750000000002 0.2703125 0.09687500000000002 0.2703125
8 1 0.4406250000000001 5.3960999587430256e-17 0.440625 8.82128397510828e-17 1 1 1
7 1 1.1423658423296405e-16 0.865625 1.0600848855119278e-16 0.865625 0.3437500000000001 1 0.3437500000000001
7 0.6828125 0.039062500000000076 0.571875 0.03906250000000007 0.571875 0.3468750000000001 0.6828125 0.3468750000000001
7 0.4453125 4.6976685811043e-17 0.321875 3.941831884755543e-17 0.321875 0.22343750000000004 0.4453125 0.2234375000000001
7 0.2875 0.04218750000000003 0.1921875 0.042187500000000024 0.1921875 0.321875 0.2875 0.321875
7 0.2109375 2.1335643453895294e-17 0.1375 1.6838893488276106e-17 0.1375 0.2640625 0.2109375 0.2640625
7 0.13125000000000003 0.01562500000000001 0.0671875 0.015625000000000007 0.06718750000000001 0.20625 0.13125000000000003 0.20625
7 0.06093750000000002 3.731345716152093e-18 0 0 1.932645729904417e-17 0.315625 0.06093750000000005 0.315625