9 0.6421875000000001 0.734375 0.6046875000000002 0.734375 0.6046875000000002 0.8046875 0.6421875000000001 0.8046875
9 0.5546875000000002 0.7609375 0.5265625000000002 0.7609375 0.5265625000000002 0.8109375 0.5546875000000002 0.8109375
9 0.40625000000000017 0.8828125 0.3343750000000001 0.8828125 0.3343750000000001 0.9953125 0.40625000000000017 0.9953125
9 0.4046875000000002 0.8296875 0.3765625000000001 0.8296875 0.3765625000000001 0.89375 0.4046875000000002 0.89375
9 0.4578125000000002 0.7921875 0.42968750000000017 0.7921875 0.42968750000000017 0.853125 0.4578125000000002 0.853125
9 0.4703125000000002 0.75 0.44843750000000016 0.75 0.44843750000000016 0.7953125 0.4703125000000002 0.7953125
9 0.5156250000000001 0.7015625 0.4890625 0.7015625 0.48906250000000007 0.7609375 0.5156250000000002 0.7609375
9 0.6875000000000001 0.725 0.6578125 0.725 0.6578125000000001 0.7796875 0.6875000000000002 0.7796875
9 0.6687500000000001 0.7234375 0.6328125 0.7234375 0.6328125000000001 0.76875 0.6687500000000002 0.76875
6 0.5515625000000001 0.7171875 0.5453125 0.7171875 0.5453125000000001 0.7421875 0.5515625000000002 0.7421875
6 0.5421875 0.715625 0.528125 0.715625 0.5281250000000001 0.7453125 0.5421875000000002 0.7453125
7 0.9171875 0.825 0.890625 0.825 0.890625 0.903125 0.9171875 0.903125
7 0.9453125 0.8328125 0.9125 0.8328125 0.9125 0.91875 0.9453125 0.91875
10 0.8828125 0.8671875 0.8609375 0.8671875 0.8609375 0.9203125 0.8828125 0.9203125